Eigvals	16
0.37866110694952204	0.1017172903941958	0.023308014977298362	0.010587871616448584	0.009045113150303508	0.007903670394375293	0.0032467602364327688	0.002381823668298125	0.0014164019899669533	0.0003153691726945039	7.483982843526325e-05	0.0	0.0	0.0	0.0	0.0

Proportion explained	16
0.7029709435401164	0.1888345496551982	0.04327050489191857	0.019656008931724464	0.01679193244038024	0.014672884361753952	0.006027495470132691	0.004421771343083609	0.002629500165307179	0.0005854717076134115	0.00013893749277115675	0.0	0.0	0.0	0.0	0.0

Species	0	0

Site	16	16
e11_t3_y2017_seqrunB	-0.12697048728366345	0.04130021261602144	0.008380498069385364	-0.03439038245737566	0.045021887921638984	-0.008950472350702374	-0.017789933272358862	0.019840161936654947	-0.001537644928474642	-0.0006252157813809625	0.000337236100321811	-0.0	0.0	0.0	0.0	0.0
e13_t3_y2017_seqrunB	-0.16371735585392572	-0.04889825933026048	0.014232109233810289	-0.008709793437451725	-0.014399436292173237	-0.013889563532792177	-0.008045301628141929	-0.021052256000747883	-0.025278582073689177	0.0019679400990429614	0.00015654692426653936	-0.0	0.0	0.0	0.0	0.0
e14_t3_y2017_seqrunB	-0.19474378107194407	-0.11731351025055224	0.0023203862853843123	-0.0520902104051846	-0.023274161362032326	0.005361520235416678	-0.0018691677761811614	-0.002674712169412574	0.010200527105243495	-0.0012240081680389811	-0.0004605234163678643	-0.0	0.0	0.0	0.0	0.0
e16_t3_y2017_seqrunB	-0.13020490270786392	0.040695958941802564	0.009343025477098794	-0.008356882891426113	0.0363304953218312	0.007219480870101183	0.026253028663252343	-0.021251159124090015	0.0040645880999247595	0.0017012395488556781	-0.0007404965462424924	-0.0	0.0	0.0	0.0	0.0
e17_t3_y2017_seqrunB	-0.13887295599589744	-0.015143576079864654	0.0016416186893723074	0.04145685351721609	0.008743688711372002	-0.025902506770047778	-0.030302196723478857	-0.009675344300548968	0.017305927069755943	-0.000769727832352011	3.0961000749911794e-05	-0.0	0.0	0.0	0.0	0.0
e19_t3_y2017_seqrunB	-0.1830648463531658	-0.06258685694162544	-0.09336444455216818	0.03602638606510797	0.013737682850605828	-0.008145419597735029	0.019516667322891507	0.015822423800075452	-0.005840274265312449	-0.00036172774508317826	8.450548453901891e-05	-0.0	0.0	0.0	0.0	0.0
e23_t3_y2017_seqrunB	-0.11789341016469382	0.10772479142379382	-0.020753005336772955	0.024575220565510793	-0.029177939566307067	0.06282015528699747	-0.009672693149502932	-0.0038174219462872774	0.0016060358830859742	0.00018338290982463805	6.725046375831103e-05	-0.0	0.0	0.0	0.0	0.0
e30_t3_y2017_seqrunB	-0.14714577495984563	0.005367908472395778	0.09277817600497106	0.012589489322238363	-0.027064349225424566	-0.0004278384550003143	0.01736555443836526	0.022396220672552553	0.0010115694444963479	-0.0007121493514390014	0.000551516183871193	-0.0	0.0	0.0	0.0	0.0
f15_t3_y2017_seqrunB	0.13960123000201968	0.0474099566139936	0.002537928173859369	-0.0035399588112983234	0.012150517069094095	0.012363492752377199	-0.010958079860392586	0.004213755917069025	-0.011855387648500939	-0.010086816145112901	0.0005049456810903502	-0.0	0.0	0.0	0.0	0.0
f20_t3_y2017_seqrunB	0.23342209075371453	-0.1901977124054754	-0.028003462209933223	-0.012659219208158443	-0.009389196665618535	0.02173721387321427	-0.0032491382545949995	0.00329742991426889	0.0033199839204582347	-4.888628263079905e-05	0.0002880816487011247	-0.0	0.0	0.0	0.0	0.0
f21_t3_y2017_seqrunB	0.08497631395885519	0.15452611694180962	-0.05628393858160937	-0.03187297131352989	-0.04352195625763071	-0.03718658847230023	0.0044413307172832175	0.0010748903278037251	0.003902328427593099	-0.00020327888303089581	-1.7736480930126948e-05	-0.0	0.0	0.0	0.0	0.0
f25_t3_y2017_seqrunB	0.14474472462015425	0.023286864483858607	0.011060867079202353	-0.002538093663007743	0.019561074191636395	0.0036812879065068914	0.010720588920322264	-0.009857125668894054	0.002519103799550072	-0.006765322572222728	0.0005868672794837821	-0.0	0.0	0.0	0.0	0.0
f28_t3_y2017_seqrunB	0.16303751494927474	-0.03741158411179273	0.024526864256201913	0.03540920815531799	-0.014550133132893953	-0.024406272331950734	-0.0011787929851370847	-0.0010102972228349172	-0.005673328096285039	0.001599600350642244	0.0022635932264118575	-0.0	0.0	0.0	0.0	0.0
f3_t3_y2017_seqrunB	0.13985295298570177	0.03782311178111733	0.003847206445651443	-0.005291810453410004	0.01351677719707651	0.010690055563361937	-0.010033822171839502	0.008884761127914564	-0.0059377092652896386	0.010677197509309067	-0.0032108960931181013	-0.0	0.0	0.0	0.0	0.0
f31_t3_y2017_seqrunB	0.15636228672255875	-0.011434826327468601	0.021030006707481435	0.01578752679383595	-0.0015031574207017933	-0.010289530454251869	0.008317624040935502	-0.002972230316030418	0.005017031998064112	-0.0015671704105175868	-0.0055786477505466335	-0.0	0.0	0.0	0.0	0.0
f4_t3_y2017_seqrunB	0.1406164003987211	0.024851404172246683	0.006706164258065118	-0.006395361778383641	0.013818206659527574	0.005324985476804197	0.006484331718577638	-0.0032190969474928054	0.007175830529379136	0.006234942754133551	0.005136796294010591	-0.0	0.0	0.0	0.0	0.0

Biplot	0	0

Site constraints	0	0
