# Constructed from biom file
#OTU ID	e11_t1_y2017_seqrunB	e13_t1_y2017_seqrunB	e14_t1_y2017_seqrunB	e16_t1_y2017_seqrunB	e17_t1_y2017_seqrunB	e19_t1_y2017_seqrunB	e23_t1_y2017_seqrunB	e30_t1_y2017_seqrunB	f15_t1_y2017_seqrunB	f20_t1_y2017_seqrunB	f25_t1_y2017_seqrunB	f28_t1_y2017_seqrunB	f31_t1_y2017_seqrunB
2dc27c6a46c2f8ed6b5cacce395c6d5e	0.0	0.0	0.0	0.0	0.0	0.0	2.0	0.0	0.0	0.0	0.0	0.0	0.0
b95586fc02f56e7385091ec01aca5237	0.0	0.0	0.0	0.0	1.0	0.0	0.0	0.0	0.0	0.0	0.0	0.0	0.0
38e841985dc7a11b79b6f40379ef7487	0.0	0.0	1.0	0.0	3.0	0.0	0.0	1.0	0.0	0.0	0.0	0.0	0.0
fe60fdd97644302f7169f1d109c70575	0.0	3.0	12.0	3.0	3.0	26.0	0.0	11.0	0.0	0.0	0.0	4.0	4.0
f6eab41dd7883f8570db8046bf8e3c34	1.0	0.0	0.0	0.0	6.0	0.0	0.0	0.0	0.0	0.0	0.0	0.0	0.0
8556b74c9452028051c14750243e0ac8	0.0	0.0	0.0	0.0	1.0	0.0	0.0	0.0	0.0	0.0	0.0	0.0	0.0
382881c9459ea309e865be60aefba35a	0.0	0.0	0.0	0.0	3.0	0.0	0.0	0.0	0.0	5.0	0.0	0.0	0.0
ee290d1b3c671b2e131312b55eccb97e	0.0	0.0	0.0	0.0	2.0	0.0	0.0	0.0	0.0	0.0	0.0	0.0	0.0
dd46804b330efe42d5672af9b99a910f	2.0	0.0	0.0	0.0	0.0	0.0	0.0	0.0	0.0	0.0	0.0	0.0	0.0
8aa69f02826f9fddad8119450f3307c2	0.0	3.0	0.0	0.0	0.0	0.0	0.0	0.0	1.0	0.0	0.0	0.0	0.0
8dfd173cb6813b3de7e3cac270e00969	0.0	0.0	0.0	0.0	0.0	7.0	0.0	0.0	8.0	0.0	5.0	1.0	13.0
081de5d7f34c68e757df977b53ab4dcc	0.0	0.0	0.0	0.0	0.0	0.0	2.0	0.0	0.0	0.0	0.0	0.0	0.0
2961f0ed287f829d6a0604eaa28c8162	0.0	0.0	0.0	0.0	0.0	0.0	0.0	0.0	1.0	0.0	0.0	0.0	0.0
1fe356e985ca94ea4663e8cfb1a9b9a9	0.0	0.0	0.0	0.0	0.0	0.0	0.0	0.0	0.0	1.0	0.0	0.0	0.0
b96154dcc00fbd922440b00a6119aa15	7.0	0.0	0.0	0.0	1.0	0.0	0.0	0.0	0.0	0.0	0.0	0.0	0.0
dd2abb03caffa6424768fcbf04afe2e2	0.0	0.0	0.0	0.0	0.0	0.0	0.0	0.0	2.0	0.0	0.0	0.0	0.0
f4a34be89df58443b6830964d67851af	0.0	0.0	0.0	0.0	1.0	0.0	0.0	0.0	0.0	0.0	0.0	0.0	0.0
c04d9f020856dcffc43c0947dad1d2c2	5.0	0.0	0.0	0.0	0.0	0.0	0.0	0.0	0.0	1.0	0.0	0.0	0.0
7e89cd6d33f7af5849fe4e49b94da4f6	0.0	0.0	0.0	0.0	0.0	0.0	0.0	0.0	0.0	0.0	0.0	1.0	0.0
ac88d72532a4535dfb3e14438db3847c	0.0	1.0	0.0	0.0	0.0	0.0	0.0	0.0	0.0	0.0	0.0	0.0	0.0
2f5f58c9cf9f3463bff556c7f369c610	0.0	0.0	0.0	0.0	0.0	0.0	7.0	0.0	0.0	0.0	0.0	0.0	0.0
19520e4b4a9d0487dfd75ec97b07c50f	36.0	0.0	7.0	81.0	116.0	6.0	0.0	22.0	0.0	1.0	0.0	2.0	0.0
9ecf9ccdff0cc17c0a0e290a3866a801	0.0	0.0	2.0	0.0	0.0	0.0	0.0	0.0	0.0	0.0	0.0	0.0	0.0
13bd3a798535382a1682ed832415fd91	0.0	2.0	7.0	1.0	5.0	0.0	0.0	0.0	0.0	1.0	0.0	1.0	7.0
c19e1daef2f03687f783ceb19347106a	0.0	0.0	0.0	0.0	1.0	0.0	0.0	0.0	0.0	0.0	0.0	0.0	0.0
66f2adffe7aabf778a19bf24c90eedb9	0.0	0.0	3.0	0.0	2.0	0.0	0.0	0.0	0.0	0.0	0.0	0.0	0.0
49a7123db5cb688821fdf91ce276fd50	39.0	38.0	30.0	49.0	50.0	0.0	70.0	222.0	110.0	26.0	9.0	111.0	24.0
a4eaf3110074de2fd7f8ea3be38fdcf7	0.0	0.0	0.0	0.0	0.0	0.0	0.0	0.0	0.0	0.0	0.0	1.0	0.0
9dc4f19f80ba36c635a6d166859a2d8e	0.0	0.0	0.0	0.0	2.0	0.0	0.0	0.0	0.0	0.0	0.0	0.0	0.0
ddf17270eb451f4ed2726d151bd7c296	0.0	3.0	0.0	0.0	0.0	0.0	0.0	0.0	0.0	0.0	0.0	0.0	0.0
d8f5eceb1259c6961d7f8b9c97f7b69c	0.0	0.0	0.0	0.0	0.0	0.0	0.0	0.0	0.0	0.0	0.0	1.0	0.0
c12f510b10997f332bc79be6cd64ec79	1.0	0.0	0.0	0.0	0.0	0.0	0.0	0.0	0.0	0.0	0.0	0.0	0.0
5fde5a7b5e65c315f107dc3e08d57b1d	0.0	0.0	27.0	3.0	45.0	0.0	59.0	3.0	0.0	0.0	0.0	0.0	0.0
1d28af4474d2fda876c57084546ae228	0.0	0.0	0.0	0.0	0.0	3.0	0.0	0.0	0.0	0.0	0.0	0.0	0.0
13fab874eac45016d344f3cdcbc1e593	0.0	1.0	0.0	0.0	0.0	0.0	0.0	0.0	0.0	0.0	0.0	0.0	0.0
ed4fd42144f35002424fcc902b6614b7	15.0	4.0	10.0	9.0	17.0	0.0	0.0	17.0	10.0	14.0	0.0	8.0	0.0
91fece3e94429dc5d64f3d2701526640	2.0	3.0	7.0	3.0	5.0	0.0	2.0	3.0	1.0	0.0	0.0	1.0	5.0
64f9bc58dd7599bb896f459ecb02e248	0.0	0.0	3.0	0.0	0.0	0.0	0.0	0.0	0.0	0.0	0.0	0.0	0.0
55cca38113297622dfea9ca4c1673242	5.0	1.0	0.0	5.0	0.0	0.0	83.0	4.0	15.0	11.0	5.0	4.0	0.0
a2767cabe39a632bbd2d33194f544ead	3.0	6.0	0.0	1.0	19.0	17.0	0.0	18.0	1.0	6.0	0.0	0.0	0.0
8412d92ea37579a1dc66f578f1b07827	0.0	0.0	0.0	0.0	0.0	0.0	0.0	0.0	0.0	0.0	1.0	0.0	0.0
2c9f4bcf781cff51eafff175b8b899ee	0.0	0.0	0.0	0.0	0.0	0.0	0.0	0.0	0.0	0.0	0.0	0.0	3.0
cacfe596fc364229cf28eb0deac659d0	0.0	0.0	3.0	0.0	0.0	0.0	0.0	0.0	0.0	0.0	0.0	0.0	0.0
72c8a23008cd3dca00913ee676b445bb	0.0	0.0	0.0	0.0	0.0	0.0	0.0	0.0	0.0	0.0	0.0	0.0	1.0
4aebb134db00e6080b97eced62710c7b	4.0	0.0	0.0	4.0	0.0	0.0	0.0	1.0	2.0	0.0	0.0	0.0	0.0
c86ffd196b0078ccecba86a814ebdfc5	0.0	0.0	0.0	0.0	0.0	0.0	0.0	0.0	0.0	4.0	0.0	1.0	0.0
34c260e93824eae7f8d273f07bab7971	0.0	0.0	0.0	0.0	0.0	0.0	0.0	1.0	0.0	0.0	0.0	6.0	0.0
c07c227ce90bdd24dc2c4f73d8ac94ae	0.0	0.0	0.0	0.0	1.0	0.0	0.0	0.0	0.0	0.0	0.0	0.0	0.0
28490b6f0807445b92665c15f1c67e24	9.0	64.0	33.0	59.0	29.0	110.0	136.0	86.0	66.0	28.0	25.0	26.0	37.0
be96f8939a2fa483bbc8c6f59e10315b	0.0	0.0	2.0	0.0	0.0	0.0	0.0	0.0	0.0	0.0	0.0	0.0	0.0
c74536dc82f976f14d76dec765e8cee9	0.0	0.0	4.0	0.0	0.0	0.0	3.0	0.0	0.0	0.0	0.0	0.0	0.0
e5b3d228e1e0f478f22194c5b72a6253	0.0	0.0	4.0	0.0	0.0	0.0	0.0	0.0	89.0	71.0	0.0	45.0	94.0
43193a0872e9929bd945b37e3e8aa0fc	0.0	0.0	2.0	0.0	0.0	0.0	0.0	0.0	0.0	0.0	0.0	0.0	0.0
bad4f3619db7d0dba6568a93c20c39dc	1.0	1.0	14.0	0.0	0.0	0.0	0.0	0.0	0.0	2.0	0.0	0.0	0.0
3e774b7458f571e0428e3cab932d52e3	0.0	0.0	0.0	0.0	0.0	0.0	0.0	0.0	0.0	0.0	0.0	1.0	0.0
3b91f3f853208fbb2227f5736c7f82bb	270.0	59.0	147.0	155.0	129.0	123.0	162.0	178.0	163.0	87.0	83.0	163.0	199.0
2ff83afedbcc2eec6dfbe62a2f6ad1e4	3.0	0.0	0.0	0.0	0.0	0.0	0.0	0.0	0.0	0.0	0.0	1.0	0.0
b8115906caa99f5bb8340efc40df63a1	0.0	167.0	8.0	11.0	2.0	7.0	0.0	1.0	17.0	83.0	1.0	8.0	10.0
0d8b5acb42031a8a5b46d90faf1a374b	0.0	0.0	0.0	0.0	0.0	0.0	0.0	0.0	0.0	1.0	0.0	0.0	0.0
234bff827657a178f5e9df479b5ea618	0.0	0.0	0.0	0.0	3.0	0.0	0.0	0.0	0.0	0.0	0.0	0.0	0.0
482e7c0d1909bce3c7d122d10a514e5a	0.0	0.0	0.0	1.0	0.0	0.0	0.0	0.0	0.0	0.0	0.0	0.0	0.0
c3c1caf1f8e87288a2d497b66a191c8b	10.0	8.0	70.0	94.0	139.0	139.0	20.0	15.0	1.0	2.0	0.0	3.0	0.0
2af0a579f513e784c4bff153d6f6fa6a	7.0	1.0	2.0	8.0	2.0	0.0	3.0	0.0	0.0	0.0	0.0	0.0	0.0
c6f006c69978987861ed7501b1e97ecb	2.0	0.0	7.0	1.0	0.0	19.0	0.0	1.0	0.0	0.0	0.0	0.0	0.0
d7df76d839444fa32e62da38b979446c	14.0	0.0	0.0	1.0	3.0	0.0	0.0	0.0	1.0	0.0	0.0	0.0	1.0
89cbfc3ada0104eaebb4281371e07e58	0.0	1.0	0.0	0.0	0.0	0.0	0.0	0.0	0.0	0.0	0.0	0.0	0.0
ab2b071abcb49c53965df22c590ba2a2	0.0	49.0	4.0	0.0	1.0	6.0	0.0	0.0	2.0	5.0	0.0	0.0	0.0
c93f4be9fbbbebbf68749b6c086411ce	0.0	0.0	0.0	0.0	2.0	0.0	0.0	0.0	0.0	0.0	0.0	0.0	0.0
80c45709cb5ffa51123717db31368223	0.0	0.0	0.0	0.0	1.0	0.0	0.0	0.0	0.0	0.0	0.0	0.0	0.0
184a145f2ed6de9a2a64ee72912b4a4f	10.0	0.0	0.0	0.0	0.0	8.0	0.0	0.0	0.0	0.0	8.0	0.0	17.0
3428b440655ae48f0366eafa2517c8bf	0.0	0.0	0.0	0.0	5.0	0.0	0.0	7.0	0.0	0.0	0.0	17.0	0.0
4f8c6348a617183614079986ca8b83fc	2.0	0.0	17.0	1.0	11.0	0.0	0.0	0.0	0.0	0.0	0.0	2.0	0.0
832890048e0b5b0c867d1e23b66c6e34	0.0	15.0	0.0	4.0	0.0	7.0	0.0	8.0	0.0	183.0	10.0	4.0	58.0
53fbaa31bd3ace5bb6f48e6d93217d39	0.0	0.0	0.0	0.0	0.0	0.0	0.0	0.0	0.0	0.0	0.0	0.0	3.0
aabd2ae934a54809e37cfa37c4c92940	0.0	0.0	0.0	0.0	2.0	0.0	0.0	0.0	0.0	0.0	0.0	0.0	0.0
4f8c53cb812e9c6204c71d803c4f63bf	3.0	3.0	0.0	10.0	5.0	0.0	3.0	4.0	6.0	6.0	2.0	2.0	7.0
f0ee652dac76c3046deb3ea6070dc592	49.0	37.0	46.0	37.0	4.0	53.0	38.0	58.0	22.0	37.0	90.0	54.0	45.0
fc66a129da1f69d96640c572997bdad5	0.0	0.0	0.0	0.0	1.0	0.0	0.0	0.0	0.0	0.0	0.0	0.0	0.0
34e8294334b81aec9a78e73894284692	0.0	0.0	0.0	0.0	0.0	0.0	16.0	0.0	40.0	1.0	29.0	0.0	0.0
35400360e85ebbf83196f959e22b1a07	0.0	7.0	4.0	1.0	9.0	25.0	9.0	0.0	0.0	0.0	1.0	0.0	0.0
98bb76ba66bfb94420982d1b0f27834f	0.0	0.0	0.0	0.0	1.0	0.0	0.0	0.0	0.0	3.0	0.0	0.0	0.0
08c66b06a53870666a19d451679259fc	4.0	0.0	0.0	0.0	0.0	0.0	0.0	0.0	0.0	0.0	0.0	0.0	0.0
866989308cedb8caea176f64a70961e4	0.0	1.0	7.0	2.0	1.0	4.0	8.0	0.0	3.0	0.0	0.0	1.0	1.0
571dc5aa280b54a292f26334258daf3a	0.0	0.0	0.0	0.0	0.0	0.0	0.0	0.0	0.0	2.0	0.0	0.0	0.0
dc0d318ed9fc1f7bb44e6a7bf1b5b33d	0.0	0.0	0.0	0.0	0.0	0.0	0.0	0.0	0.0	0.0	0.0	0.0	2.0
3512eb609918d44ff7648d93df37c4af	12.0	0.0	0.0	0.0	0.0	0.0	0.0	0.0	0.0	0.0	0.0	0.0	0.0
0aae929bdc96c1c5dbc588c10a8a841a	0.0	0.0	0.0	0.0	1.0	0.0	0.0	0.0	0.0	0.0	0.0	0.0	0.0
7c9e7c998ea9caf6e9a1a60b40e04fa2	0.0	2.0	0.0	0.0	0.0	0.0	0.0	0.0	0.0	0.0	0.0	0.0	0.0
8ac8e978fcff626a1aa7ed3e70b2a159	0.0	0.0	0.0	0.0	2.0	0.0	0.0	0.0	0.0	0.0	0.0	0.0	0.0
94b89cadb6e38033b3040bfe719b6a93	0.0	0.0	0.0	5.0	0.0	0.0	0.0	4.0	0.0	0.0	0.0	5.0	7.0
2207a019d68ffc1bca7ca1193765955a	0.0	0.0	0.0	5.0	0.0	0.0	0.0	0.0	0.0	0.0	0.0	0.0	0.0
696ca321e9c6fef28f5c76d12576d1a6	2.0	2.0	0.0	0.0	9.0	0.0	0.0	0.0	0.0	0.0	0.0	0.0	0.0
7a65dcd6d23b0efe3c4da7ffadd33487	42.0	113.0	62.0	20.0	15.0	86.0	88.0	39.0	32.0	30.0	93.0	98.0	53.0
692d79d5416314c4ae89a04f14736249	5.0	1.0	0.0	0.0	3.0	0.0	0.0	0.0	0.0	4.0	4.0	1.0	0.0
2349edff7de2eb0b01279536928bc445	21.0	2.0	0.0	2.0	0.0	0.0	0.0	0.0	0.0	0.0	0.0	0.0	0.0
9430705ed00f36f380dd3391c3f4a6b8	0.0	0.0	0.0	0.0	1.0	0.0	0.0	0.0	0.0	0.0	0.0	0.0	0.0
33ba97f1f68ad452c2f68f031712c05d	0.0	0.0	0.0	0.0	0.0	0.0	0.0	0.0	1.0	0.0	0.0	0.0	0.0
99a2f14a52ebf17f112cbcfe41cc8748	0.0	25.0	16.0	0.0	0.0	0.0	13.0	0.0	1.0	3.0	5.0	6.0	2.0
b47ba2493e85337b266180f93d17a728	0.0	0.0	0.0	0.0	3.0	0.0	0.0	0.0	1.0	1.0	0.0	0.0	0.0
6833d788c9f7fa9de45e0840be9ef38d	2.0	0.0	0.0	2.0	5.0	0.0	0.0	0.0	5.0	0.0	0.0	0.0	0.0
847f73286f086d05233731f6d30a3710	3.0	2.0	0.0	1.0	1.0	0.0	0.0	0.0	0.0	0.0	0.0	0.0	0.0
6dc8e56b57358231e033215d78473a34	0.0	0.0	0.0	3.0	8.0	0.0	0.0	0.0	0.0	0.0	0.0	0.0	5.0
87e9a120ff79c55d496df71a465b09b5	0.0	1.0	0.0	1.0	3.0	0.0	0.0	0.0	0.0	0.0	0.0	0.0	0.0
8f889d79ea25ec58fa0b74cda902a3c3	0.0	0.0	0.0	3.0	1.0	0.0	0.0	0.0	0.0	1.0	0.0	0.0	0.0
9befd8faf43df56603aa13945be7284f	3.0	0.0	0.0	1.0	1.0	0.0	0.0	0.0	0.0	0.0	0.0	1.0	0.0
e48a6fb20346943c4f53e88e4af35b1e	11.0	0.0	0.0	2.0	0.0	0.0	0.0	0.0	6.0	0.0	0.0	0.0	0.0
ad9d0ba01d910be24527867e5aae6134	4.0	39.0	3.0	0.0	10.0	11.0	0.0	0.0	2.0	9.0	6.0	0.0	0.0
8ab606959ccfdb1ee894674fef435bc3	7.0	1.0	3.0	5.0	2.0	1.0	2.0	3.0	3.0	0.0	3.0	0.0	1.0
b92150ec5976921baa0f0de2bf076c42	0.0	6.0	0.0	0.0	0.0	0.0	0.0	0.0	2.0	0.0	0.0	0.0	0.0
131fbb8932c5d40478f5d02c7199b18b	66.0	72.0	149.0	81.0	40.0	55.0	0.0	30.0	87.0	24.0	211.0	113.0	94.0
b01a44fe319c54563f7ce48d3aa74f85	1.0	0.0	1.0	5.0	0.0	0.0	0.0	0.0	0.0	0.0	0.0	0.0	0.0
7cce9337eb976e351602a77affc22ad4	10.0	4.0	19.0	35.0	3.0	0.0	0.0	4.0	45.0	92.0	147.0	53.0	57.0
bc6363b949989ed164dfbc59ac2ffb72	0.0	0.0	0.0	0.0	2.0	0.0	0.0	0.0	0.0	0.0	0.0	0.0	0.0
4f39d9116f68ecd0d6f631896f5f3510	0.0	1.0	0.0	0.0	0.0	0.0	0.0	0.0	0.0	0.0	0.0	0.0	0.0
1c919de5b6c57900f47a11d908ce3115	0.0	0.0	0.0	0.0	2.0	0.0	0.0	1.0	0.0	1.0	0.0	0.0	0.0
b971d9f1bcbee21de4219a5cea16e14c	48.0	0.0	0.0	7.0	3.0	14.0	0.0	0.0	0.0	0.0	7.0	0.0	0.0
9c0186712b88943900405f443ef867e7	0.0	0.0	0.0	0.0	0.0	2.0	0.0	0.0	0.0	0.0	0.0	0.0	0.0
71021e584c81befc4f7ee4d2c41a03fd	0.0	0.0	0.0	0.0	0.0	4.0	0.0	0.0	0.0	0.0	0.0	0.0	0.0
3726da126ab5deca1c6df7fe3233ad8d	0.0	1.0	0.0	0.0	0.0	0.0	0.0	0.0	0.0	0.0	0.0	0.0	0.0
08cb971af25f6d2903f9eaf603743ddf	9.0	0.0	7.0	3.0	0.0	10.0	0.0	0.0	4.0	0.0	0.0	0.0	0.0
1019c43d2f94356a5f3dca52c7dea8da	0.0	0.0	0.0	0.0	0.0	0.0	0.0	0.0	0.0	0.0	0.0	3.0	0.0
29d3a657e7d2511ef3536cd296eee46b	0.0	0.0	0.0	21.0	0.0	0.0	24.0	5.0	0.0	0.0	0.0	0.0	0.0
48a69ddba84577ca0f4c692656b7d78b	0.0	0.0	3.0	0.0	0.0	0.0	0.0	0.0	0.0	3.0	0.0	0.0	0.0
6f63b126511491df12ae863284df3ad9	0.0	0.0	0.0	4.0	0.0	0.0	0.0	0.0	0.0	0.0	0.0	0.0	0.0
aa4a98f198e65ce5a4d0709843b15146	0.0	0.0	0.0	0.0	0.0	0.0	0.0	3.0	0.0	0.0	0.0	0.0	0.0
901e97c844e6bbedd5ca047d7235e7e6	0.0	0.0	0.0	0.0	0.0	7.0	0.0	0.0	0.0	0.0	0.0	0.0	0.0
d185ed2f2657ea3f6510629b31523661	0.0	0.0	4.0	0.0	1.0	0.0	0.0	0.0	0.0	0.0	0.0	0.0	0.0
d4070bac13e810413c2d47761125e0fe	0.0	0.0	0.0	0.0	0.0	0.0	0.0	0.0	0.0	0.0	0.0	1.0	0.0
9cbb5b34f8724383360fc6c62b0ebff2	0.0	0.0	0.0	0.0	0.0	0.0	0.0	0.0	0.0	1.0	5.0	0.0	0.0