Eigvals	13
0.4485310255930346	0.26608428567467396	0.23030138672574657	0.20690279765301975	0.14224009779071842	0.09351991194170944	0.0765267930258167	0.06836180962110171	0.050998733277316036	0.016484763073537995	0.01254987627098303	0.0	0.0

Proportion explained	13
0.2781585201477663	0.16501335897552274	0.14282243426731395	0.12831169467820747	0.08821083236065493	0.057996791360555744	0.047458432717270974	0.04239488176695771	0.031627092371309014	0.010223099495646306	0.007782861858794943	0.0	0.0

Species	0	0

Site	13	13
e11_t1_y2017_seqrunB	0.08051340614362196	0.1551101433692622	0.020914131772511228	-0.12151577692972074	0.2746367845131315	-0.051027034648312236	-0.0956047130363197	0.02886228194682737	0.01476560932820097	0.02028314301631075	-0.006583436285237389	-0.0	0.0
e13_t1_y2017_seqrunB	-0.1173233325133169	-0.2763621953236422	0.002180018858855938	0.18463719442795615	0.1840129125750334	0.1129155477660479	0.0437784625526721	-0.014845018792263312	-0.0031428336492437176	0.007728154818352519	0.00025921305861073275	-0.0	0.0
e14_t1_y2017_seqrunB	0.06173416718762774	-0.06782834892720059	-0.0015862212224795234	-0.15907270007132132	-0.050918802023655535	0.10946454469962547	-0.013712896471070882	0.032612874664759185	-0.14073510335539954	-0.02230570367294453	-0.04336173738010058	-0.0	0.0
e16_t1_y2017_seqrunB	0.15500193596923015	0.0652165589719281	0.09108280345520325	-0.03639816344029622	-0.010355119229971087	0.11142579360633335	0.034538598307132067	-0.016191104690469565	0.10655591462556879	-0.07530127281037013	0.023627440031356358	-0.0	0.0
e17_t1_y2017_seqrunB	0.3304476594837029	-0.024131361745739398	0.25213697081421976	0.0019816909041819744	-0.08178376638639827	0.0058630043248032145	-0.042330777848653786	-0.06234346301804584	-0.014233424593742614	0.04539866294842875	0.012223253844441735	-0.0	0.0
e19_t1_y2017_seqrunB	0.17253510671894381	-0.21821160320728672	-0.016902618757023178	-0.05120589728532028	-0.032892410550954224	-0.14024173601767292	0.11562628656620665	0.09289950006901267	0.04196082841270367	0.020207608482369938	-0.004812524369077254	-0.0	0.0
e23_t1_y2017_seqrunB	0.14687243308440645	-0.046579443231495266	-0.2500825288340266	0.15239390235554265	-0.09055353819338782	0.0015961981500120105	-0.16205553245869428	0.062417790903936225	0.015508075823182867	-0.007938714742761525	0.014081511191926199	-0.0	0.0
e30_t1_y2017_seqrunB	0.1337014604548195	0.1388572667111718	-0.11748965968750114	0.12335130748773296	0.04047104544108479	-0.12188340910317998	0.0858069689808419	-0.10377849267322885	-0.06578779868758947	-0.043998687077653954	-0.015107890813185112	-0.0	0.0
f15_t1_y2017_seqrunB	-0.09424673106091723	0.18864613755768128	-0.05482723026185093	0.06906312089866494	-0.07458136785141224	0.07259051595586348	0.046139470206829854	-0.0032039707611415088	0.08188479592938096	0.048220571366282404	-0.06507472915360153	-0.0	0.0
f20_t1_y2017_seqrunB	-0.3171575355826921	0.014901921622802546	0.2416130193962921	0.16443132314148304	-0.05867847315979359	-0.09019168768377568	-0.06649607897958203	0.0066217722874212705	-0.023776790140948797	-0.017223389635612252	-0.002789315584261834	-0.0	0.0
f25_t1_y2017_seqrunB	-0.2598045789182144	-0.1558345159449274	-0.07495492090358284	-0.23194142907565343	-0.045572261972740974	-0.0592313261314559	-0.05376753521461271	-0.10360224636511292	0.056408218744309416	-0.013438235997945316	-0.007464342265445148	-0.0	0.0
f28_t1_y2017_seqrunB	-0.11183157706638897	0.08604271828051896	-0.11716140100413401	-0.038761347172512936	-0.03453768285561256	0.0479047877323205	0.05080402086268435	-0.07100832856163485	-0.04513018687363705	0.04950728652096413	0.06563833428993024	-0.0	0.0
f31_t1_y2017_seqrunB	-0.18044241390082194	0.14017272186692695	0.025077636373515934	-0.056963225240736756	-0.019247320305322363	0.0008148013493908969	0.057273726532565544	0.15155840498993986	-0.024277305562784946	-0.011139423215420515	0.029364223434644197	-0.0	0.0

Biplot	0	0

Site constraints	0	0
