Eigvals	16
2.204597350142441	0.19801664546154096	0.09701220363649786	0.07719481949944419	0.05137333364636696	0.039933851964227836	0.027232068893033978	0.019146396682383465	0.011565075338987565	0.00243096604997229	0.0007774154350902954	0.0	0.0	0.0	0.0	0.0

Proportion explained	16
0.8077578144269366	0.07255270117594645	0.03554497857719704	0.028283948848947003	0.018823034375567045	0.014631642817764141	0.009977747841318803	0.007015181950261334	0.004237408694562695	0.0008906986227416213	0.0002848426687575079	0.0	0.0	0.0	0.0	0.0

Species	0	0

Site	16	16
e11_t3_y2017_seqrunB	-0.33888501489944617	-0.09310908807678335	-0.11576359208751087	0.10206226249333952	-0.10129230072233501	0.016003923175034157	0.022743475561790405	0.0016140943471816313	0.0064471729766926765	-0.0005408738127466446	0.0010661443822806828	0.0	0.0	-0.0	0.0	0.0
e13_t3_y2017_seqrunB	-0.4160441333430339	0.04342523571307676	0.014435820015592437	-0.09468636906780527	0.05029014595470968	-0.05052394482316195	-0.006247804142753777	-0.10097034025346777	0.0013352891268432663	-0.00012323925918911627	0.00025673640880917323	0.0	-0.0	-0.0	0.0	0.0
e14_t3_y2017_seqrunB	-0.4104056750668168	-0.002600494899382383	-0.15212275290912505	-0.07018142900353283	-0.03991818590423717	-0.07511783347387095	0.04933967387339751	0.01843439428780239	-0.0131450674617392	0.0005743177115124293	-0.0012257272358636598	-0.0	-0.0	-0.0	0.0	0.0
e16_t3_y2017_seqrunB	-0.37314798711817115	-0.17796653240772475	-0.009531766654981027	0.05604154278008337	0.035786339176992456	0.12062845471141989	-0.013770307631463696	-0.04101144473555023	0.001614379301246217	0.0001414747437608634	-0.00026548861091333015	-0.0	-0.0	-0.0	0.0	0.0
e17_t3_y2017_seqrunB	-0.399053920759371	0.09805900154661229	0.19689613981205542	-9.818610750220822e-05	-0.03532205830552804	0.030956151146425828	0.09470800974644619	0.01773562461070875	-0.01592264029106393	0.00032067316364115564	-0.0008646719497596655	-0.0	0.0	-0.0	0.0	0.0
e19_t3_y2017_seqrunB	-0.43933100794538127	-0.07218491452127235	-0.01365907547537703	-0.10565552248285988	0.10460780300563435	0.027524132724499273	-0.029255611751671243	0.07907653369103088	0.0013677455275677812	-0.0001610209105906967	0.00014083971267010175	-0.0	0.0	-0.0	0.0	0.0
e23_t3_y2017_seqrunB	-0.21803305888941354	0.34378557940095295	-0.043744573294605335	0.018259546272748686	-0.03340979096765517	0.05039075049126409	-0.06240506369055353	0.007776429392871052	0.024072756134587574	-0.0006042882426108946	0.0013514425133682151	0.0	-0.0	-0.0	0.0	0.0
e30_t3_y2017_seqrunB	-0.3441814079421804	-0.09069912828471118	0.12303488039015076	0.10565681766997245	-0.01715374395775031	-0.10693696772725536	-0.07414811435110821	0.016947871150216526	0.010439827105371176	-0.0002014111880300957	0.0004738820475603601	0.0	-0.0	-0.0	0.0	0.0
f15_t3_y2017_seqrunB	0.3852205363870228	-0.02054427222962173	0.005586414057694663	-0.01235393170614116	0.0019240084355383468	-0.0031150294208275083	0.013088305223989767	0.0006836366870782762	0.03286693955795029	0.031297896460120475	-0.0033171539382873534	0.0	0.0	-0.0	0.0	0.0
f20_t3_y2017_seqrunB	0.38480294899524686	-0.017451930349066613	0.0033344049535720946	-0.006045666772829384	0.007765261107817705	-0.004421548719665775	0.014621953785778106	0.000661310250576914	0.027382619932333718	-0.00492515403914791	-0.004758769270388319	-0.0	-0.0	-0.0	0.0	0.0
f21_t3_y2017_seqrunB	0.3848029489952469	-0.01745193034906663	0.003334404953572075	-0.006045666772829237	0.0077652611078175855	-0.0044215487196656396	0.014621953785778156	0.0006613102505773709	0.02738261993233376	-0.004925154039149194	-0.004758769270391826	0.0	-0.0	-0.0	0.0	0.0
f25_t3_y2017_seqrunB	0.38132642280403833	-0.04947503062078593	0.030460531352567603	-0.08629672272331411	-0.08711381406089333	0.02305595743507449	-0.05031089762354099	-0.0023833818527072806	-0.05229732150646256	0.018074842317353464	0.0049075545416999425	0.0	0.0	-0.0	0.0	0.0
f28_t3_y2017_seqrunB	0.38480294899524686	-0.017451930349066613	0.003334404953572086	-0.0060456667728293915	0.007765261107817711	-0.004421548719665747	0.014621953785778088	0.0006613102505768871	0.02738261993233374	-0.004925154039148117	-0.004758769270388549	-0.0	0.0	-0.0	0.0	0.0
f3_t3_y2017_seqrunB	0.27184746940506554	0.09547987326447058	-0.05035268481455055	0.12060786243367638	0.09444281629411753	-0.01667766292060557	0.006194716285538778	-0.0002508899648618896	-0.06337916756828722	0.0031479156698425888	-0.009006162886489796	-0.0	0.0	-0.0	0.0	0.0
f31_t3_y2017_seqrunB	0.38622602925364174	-0.03740023935969595	0.020063023107614663	-0.056164492234857914	-0.05007211904835952	0.011921039097273064	-0.02366336388831838	-0.0012454007824197711	-0.017773482054872603	-0.03181820356014135	-0.0032627401513011032	0.0	-0.0	-0.0	0.0	0.0
f4_t3_y2017_seqrunB	0.36005290112830485	0.015585801522065203	-0.01530557836024134	0.04094562199468035	0.05393511677631387	-0.01484432425627354	0.029861121030912225	0.001608942670382425	0.0022257093551657013	-0.005332620975475318	0.0240216529774053	0.0	-0.0	-0.0	0.0	0.0

Biplot	0	0

Site constraints	0	0
