Eigvals	16
3.0455065452997006	0.47241539776011887	0.2636433840934886	0.2372419770535981	0.21124123527080751	0.17816423686749708	0.13674156024036457	0.06858525511831207	0.04844235810406292	0.034985324287632444	0.01939883683142939	0.00935348410602046	0.0038585417100836517	0.00014317789025343388	0.0	0.0

Proportion explained	16
0.6439082437853481	0.09988229037903447	0.05574184324091096	0.05015982153527543	0.0446625120632889	0.03766907710106969	0.028911124174969337	0.014500908310626023	0.010242116793263535	0.007396910295621588	0.004101475655956933	0.0019775973009406598	0.0008158074130384047	3.027195065604674e-05	0.0	0.0

Species	0	0

Site	16	16
e11_t3_y2017_seqrunB	-0.4733395977993947	0.014562619934020873	-0.04914196139622539	0.2055641284293182	0.012872473217665792	0.00599253612532493	-0.0600252507315296	-0.0013204726767337507	0.060050105920811316	0.1413376190960233	0.00778852576424189	-8.620191640020104e-05	0.0009132749751346548	-9.215814203329336e-05	-0.0	0.0
e13_t3_y2017_seqrunB	-0.4714079858529107	0.010677337576952658	-0.0036089138331349474	0.025606095768122283	-0.009268837280954503	-0.041787458768496606	0.22289055722843015	-0.017491307159216794	0.05708700485875181	-0.023355337495726658	-0.08712570983534595	-0.0008688938640254403	-0.0009011541198127726	0.0006703824337405547	-0.0	0.0
e14_t3_y2017_seqrunB	-0.449370584068373	0.011878118108124442	0.1583983441862999	-0.0496833050315199	-0.01401835745232288	0.18626848521328018	0.1878148289235498	0.018410876809863863	-0.0558770287252674	0.014603495301203655	0.06706255331592095	0.0006442493338551636	0.0005024119253922032	-0.00045972773696326835	-0.0	0.0
e16_t3_y2017_seqrunB	-0.4703815298371323	0.012624936431463693	-0.11341895999641066	0.049875739332392206	0.006535821802083627	0.09203454118517598	-0.0841408102934807	-0.005305876618320129	0.12269147101093378	-0.10176692012509557	0.043174534161258306	3.401575229890085e-05	0.0023126781259661376	-0.000317935140150354	-0.0	0.0
e17_t3_y2017_seqrunB	-0.4399319682559501	0.011968751036285408	0.08154682378204234	0.2873551450387244	0.015850474555927765	-0.08126682107539127	-0.07803416273653974	0.00954989234188963	-0.12146385240244484	-0.05971722678962655	-0.011384206156157733	0.000313917339644996	-0.003086059694193431	0.00027435143772985696	-0.0	0.0
e19_t3_y2017_seqrunB	-0.3793856878767491	-0.0006951640158234382	0.3505646745032002	-0.20916901158376766	-0.024906459574367816	-0.04254443876081561	-0.15297398728075207	-0.009025733038315796	0.031578025761496896	0.007923294248819135	-0.023601715597699312	2.3596523047561083e-05	-0.0024838074682577084	0.00036691925043921256	-0.0	0.0
e23_t3_y2017_seqrunB	-0.37190422091115244	-0.020093091843388148	-0.14977637120226023	-0.1586771013441242	-0.01780883377233122	-0.31036446756029484	0.04677023168729477	-0.00793845128073266	-0.020786556170111225	0.006787475401339392	0.048667183370578626	0.0007898833291456702	-0.00017639378356577452	-0.0005612489544523972	-0.0	0.0
e30_t3_y2017_seqrunB	-0.41916152848270266	0.00364216758414984	-0.26599251745157587	-0.18991322737430996	0.0032888708016081455	0.16497720652809267	-0.09575772670142632	0.004993289772862691	-0.08185042697098018	0.01458156329306392	-0.0412901947812635	7.257909915376351e-06	-0.003597640334901931	0.0005420014617838168	-0.0	0.0
f15_t3_y2017_seqrunB	0.44173658474563643	-0.07474998023540363	-0.011802195973773391	0.025661212231580424	-0.2774874194432979	0.01089472302181198	-0.0061935590848055415	-0.004287481568637734	-0.002710500232605348	-0.0001895408339427063	-0.0021745761916722667	0.03651872454698085	0.023025164566371454	0.004860786396548577	-0.0	0.0
f20_t3_y2017_seqrunB	0.42295182205009113	0.2562234376749288	-0.002921574565773152	-0.016230076821437574	0.06962243649162941	-0.025220277962644227	0.0027301469952604653	0.21815416963991557	0.013864731831794208	-0.001232200973236696	-0.005928064448643088	0.0023074491258352637	0.005344598538317918	-3.982723074833616e-05	-0.0	0.0
f21_t3_y2017_seqrunB	0.3287730738095106	-0.4776328122960183	0.011977358412860637	-0.005369209404928167	0.18343168004162366	0.00475838604278266	0.0012129033801942352	0.014047936913462795	-0.0036592365953347908	-0.00039251834477713437	-0.004158873874011513	-0.009272670228431935	0.028755155490991505	-0.0015606647987141506	-0.0	0.0
f25_t3_y2017_seqrunB	0.4519574989902686	-0.07492573001003398	-0.011059520630919882	0.02519652812736573	-0.2453943116724482	0.011492948879963069	-0.004098137911864684	0.0012470456400775667	0.0007421203970730997	-0.0003459946746399731	-0.004054316352364544	-0.016559494890031064	-0.014042460846118167	-0.007877655291563455	-0.0	0.0
f28_t3_y2017_seqrunB	0.4248744796737479	0.3129037406768312	0.009619433117147415	-0.005376411570194321	0.11483665077429021	0.01372357039781717	-0.0025504546666128827	-0.10156743886491593	-0.009402733238755123	-0.0005930855941594727	-0.012341126609107887	4.521898037315217e-05	0.018251234467966657	-0.004290751293019833	-0.0	0.0
f3_t3_y2017_seqrunB	0.47009675797639777	-0.02411289488983882	0.0015592329977108862	0.0016267704368061416	0.13995144208792037	0.004050567627676548	0.010501829817625633	-0.048041941406995296	0.005219401068141911	0.0009053665416056631	0.008205668992831204	0.06648041819899898	-0.027926441272808144	0.0002009158398345329	-0.0	0.0
f31_t3_y2017_seqrunB	0.46333036536530375	0.20195063985281156	-0.00452891341870505	-0.00011972908802611994	0.012247121731490363	-0.0042267286522404334	0.004231485861305594	-0.08401654918160847	-0.007238347504129515	0.0017486955110840648	0.018207328008864182	-0.04131227082427209	0.0061162898350376575	0.004733330310349726	-0.0	0.0
f4_t3_y2017_seqrunB	0.47116252047340934	-0.16422207558506308	-0.001414938530482934	0.013652452853998095	0.030247247691482973	0.011217227757956916	0.007622105513347087	0.01259204067740422	0.011755820990623759	-0.00029468456193717564	-0.0010470097674282388	-0.0390651993169345	-0.03300685040552004	0.0035512814571958236	-0.0	0.0

Biplot	0	0

Site constraints	0	0
