Eigvals	8
0.38210959111836307	0.128372415107566	0.0826251383233267	0.06285618981465275	0.03384763509547917	0.014708899790387192	0.003087013511875784	0.0

Proportion explained	8
0.5400026489667037	0.18141770273142863	0.11676700769339188	0.08882925158859026	0.04783395402172814	0.02078682408088125	0.004362610917276238	0.0

Species	0	0

Site	8	8
E2_T3_y2014_seqrunA	-0.0028878400942211196	-0.17870878879342106	0.18369720287716682	0.1143368802139652	-0.008613797856797481	-0.008299716665675994	0.0030084991767709234	0.0
E5_T3_y2014_seqrunA	-0.04169938661402153	-0.2127857384348387	-0.0858978560035745	-0.13685194902329584	-0.0638735893509933	0.004972112292578658	0.005052528571495305	0.0
E7_T3_y2014_seqrunA	-0.32677179635559767	-0.0069304153560625584	-0.1590854353003096	0.126773234261447	0.029133338605073403	0.0035557745879122014	-0.004732553859278359	0.0
E9_T3_y2014_seqrunA	-0.3535361054674409	0.17651739194728816	0.11449217792487125	-0.08113209938342134	-0.037472096926499776	-0.001508409340167261	0.0007265128232282842	0.0
F10_T3_y2014_seqrunA	0.2248857798604748	0.061301322820233164	-0.0008078091251748618	0.015270278118817862	-0.031123778721824834	0.07429228726881593	-0.03072462891748772	0.0
F2_T3_y2014_seqrunA	0.10499561112634302	0.02518253552470917	0.006579786134143878	-0.043307277175602156	0.1175233405054287	0.04222464175673376	0.029482757453514013	0.0
F3_T3_y2014_seqrunA	0.13050235725342987	0.011189316896907255	-0.003971906885782052	-0.053581043608963576	0.07672661166635693	-0.07576169211449049	-0.02602684290699418	0.0
F4_T3_y2014_seqrunA	0.2645113802910341	0.12423437539518456	-0.05500615962134075	0.058491976597052686	-0.08230002792074392	-0.03947499778570631	0.023213727658751394	0.0

Biplot	0	0

Site constraints	0	0
