Eigvals	8
0.0874355780782465	0.00952922717221873	0.008163442236110043	0.002297268410477171	0.0006862530834265136	0.0002631897304887157	0.0	0.0

Proportion explained	8
0.8067876483481227	0.08792831190490097	0.07532590861586083	0.02119740978729143	0.006332210794716214	0.0024285105491078777	0.0	0.0

Species	0	0

Site	8	8
E7_T1_y2014_seqrunA	0.10900701623859071	0.0021454823769091235	-0.03283917247075603	0.016378110565253973	0.015721496173280728	0.003404903932285097	-0.0	0.0
F10_T1_y2014_seqrunA	-0.11082947860603759	0.001870493064135325	0.0048248999700820396	-0.010157873516234383	0.013998676030371585	-0.008327411236106664	-0.0	0.0
F2_T1_y2014_seqrunA	0.1714193354106255	-0.045693688968993174	-0.0161199449885207	-0.01528930311977658	-0.007695307188060294	-0.004153581153099568	-0.0	0.0
F3_T1_y2014_seqrunA	-0.10726192103342314	-0.03395497052613854	0.016531712543518966	0.000304821436711785	-0.0041435561517635675	-0.0029091974804697895	-0.0	0.0
F4_T1_y2014_seqrunA	-0.04343847216809523	-0.021847614906287553	0.02894406934770661	-0.013497763487051737	0.0024050577854183085	0.012166434514735813	-0.0	0.0
E2_T1_y2014_seqrunA	0.04950270628165881	0.011605153014584202	0.04793074222750107	0.031539952586723256	-0.005365768488671664	-0.0020527967693706223	-0.0	0.0
E5_T1_y2014_seqrunA	0.054410575033899254	0.07440981390891174	0.008376010205585822	-0.020001092030260063	-0.004231522110953656	-0.00019273218849070575	-0.0	0.0
E9_T1_y2014_seqrunA	-0.1228097611572182	0.011465332036878766	-0.057648316835117785	0.01072314756463374	-0.010689076049621417	0.0020643803805162043	-0.0	0.0

Biplot	0	0

Site constraints	0	0
