# Constructed from biom file
#OTU ID	e11_t3_y2017_seqrunB	e13_t3_y2017_seqrunB	e14_t3_y2017_seqrunB	e16_t3_y2017_seqrunB	e17_t3_y2017_seqrunB	e19_t3_y2017_seqrunB	e23_t3_y2017_seqrunB	e30_t3_y2017_seqrunB	f15_t3_y2017_seqrunB	f20_t3_y2017_seqrunB	f21_t3_y2017_seqrunB	f25_t3_y2017_seqrunB	f28_t3_y2017_seqrunB	f3_t3_y2017_seqrunB	f31_t3_y2017_seqrunB	f4_t3_y2017_seqrunB
fe60fdd97644302f7169f1d109c70575	9.0	74.0	29.0	5.0	25.0	10.0	54.0	9.0	0.0	0.0	0.0	0.0	0.0	0.0	0.0	0.0
991c0afe57f520cc2042ae54af4474ba	8.0	10.0	9.0	2.0	0.0	71.0	13.0	5.0	0.0	0.0	0.0	0.0	0.0	0.0	0.0	0.0
f6eab41dd7883f8570db8046bf8e3c34	0.0	0.0	0.0	1.0	8.0	0.0	0.0	2.0	0.0	0.0	0.0	0.0	0.0	0.0	0.0	0.0
85b020f842da1a4499e98abc5420ab98	0.0	0.0	0.0	1.0	0.0	2.0	0.0	0.0	0.0	0.0	0.0	0.0	0.0	0.0	0.0	0.0
eb25cf64b9d0ffbac2b8712aabae2ab9	0.0	0.0	0.0	0.0	0.0	1.0	0.0	0.0	0.0	0.0	0.0	0.0	0.0	0.0	0.0	0.0
8aa69f02826f9fddad8119450f3307c2	0.0	0.0	0.0	0.0	0.0	0.0	0.0	0.0	1.0	0.0	0.0	5.0	0.0	0.0	0.0	0.0
8dfd173cb6813b3de7e3cac270e00969	22.0	119.0	159.0	20.0	11.0	8.0	0.0	46.0	0.0	0.0	0.0	0.0	0.0	0.0	0.0	0.0
185b9d8ca61ce7936a36f607466d327e	0.0	0.0	0.0	1.0	0.0	0.0	0.0	0.0	0.0	0.0	0.0	0.0	0.0	0.0	0.0	0.0
9b25249d3f877de0aecfab07a7869596	0.0	0.0	0.0	0.0	0.0	0.0	0.0	0.0	13.0	108.0	8.0	5.0	340.0	184.0	257.0	29.0
e70f9167d2cd34a52eea4dd4e1f83b9b	3.0	10.0	14.0	8.0	6.0	38.0	0.0	2.0	0.0	0.0	0.0	0.0	0.0	0.0	0.0	0.0
c04d9f020856dcffc43c0947dad1d2c2	1.0	0.0	1.0	0.0	0.0	0.0	0.0	1.0	0.0	0.0	0.0	0.0	0.0	0.0	0.0	0.0
42f3907b9ad6e7c1680ec591d571abc3	0.0	0.0	0.0	0.0	0.0	0.0	0.0	1.0	0.0	0.0	0.0	0.0	0.0	0.0	0.0	0.0
6a469ff683e34aacf59a6043fcde978f	0.0	0.0	0.0	0.0	0.0	1.0	0.0	0.0	0.0	0.0	0.0	0.0	0.0	0.0	0.0	0.0
2f5f58c9cf9f3463bff556c7f369c610	0.0	0.0	3.0	0.0	0.0	0.0	0.0	0.0	0.0	0.0	0.0	0.0	0.0	0.0	0.0	0.0
19520e4b4a9d0487dfd75ec97b07c50f	9.0	7.0	16.0	17.0	13.0	17.0	18.0	26.0	0.0	0.0	0.0	0.0	0.0	0.0	0.0	0.0
13bd3a798535382a1682ed832415fd91	0.0	0.0	0.0	0.0	2.0	0.0	0.0	1.0	0.0	0.0	0.0	0.0	0.0	0.0	0.0	0.0
169beec8b5caf827666d2cdb952ea532	4.0	3.0	2.0	2.0	1.0	4.0	0.0	2.0	0.0	0.0	0.0	0.0	0.0	0.0	0.0	0.0
56105963942878c4c9bf90f7cf1452cd	1.0	0.0	0.0	1.0	0.0	0.0	0.0	0.0	0.0	0.0	0.0	0.0	0.0	0.0	0.0	0.0
49a7123db5cb688821fdf91ce276fd50	97.0	120.0	105.0	204.0	74.0	32.0	132.0	235.0	0.0	0.0	0.0	0.0	0.0	0.0	0.0	0.0
e3011f3434af046ec9e952309bab4b29	0.0	0.0	0.0	0.0	1.0	0.0	0.0	0.0	0.0	0.0	0.0	0.0	0.0	0.0	0.0	0.0
470cedd1d76d5c80fcbef3fb8c9d3634	0.0	3.0	2.0	0.0	1.0	11.0	0.0	0.0	0.0	0.0	0.0	0.0	0.0	0.0	0.0	0.0
7b89549476f446f5cdded200e4187e09	0.0	0.0	0.0	0.0	0.0	0.0	0.0	0.0	0.0	0.0	0.0	1.0	0.0	0.0	0.0	0.0
802f06a2a394380b2fee68b688475bea	3.0	5.0	2.0	2.0	0.0	0.0	0.0	4.0	0.0	0.0	0.0	0.0	0.0	0.0	0.0	0.0
91fece3e94429dc5d64f3d2701526640	0.0	0.0	0.0	1.0	1.0	0.0	0.0	3.0	0.0	0.0	0.0	0.0	0.0	0.0	0.0	0.0
a2767cabe39a632bbd2d33194f544ead	4.0	0.0	0.0	0.0	0.0	0.0	0.0	1.0	0.0	0.0	0.0	0.0	0.0	0.0	0.0	0.0
b09f4ab31572ad8d379c945500bb2f84	0.0	0.0	0.0	1.0	0.0	7.0	0.0	0.0	0.0	0.0	0.0	0.0	0.0	0.0	0.0	0.0
8412d92ea37579a1dc66f578f1b07827	2.0	1.0	0.0	1.0	4.0	0.0	1.0	0.0	0.0	0.0	0.0	0.0	0.0	0.0	0.0	0.0
4aebb134db00e6080b97eced62710c7b	13.0	0.0	2.0	0.0	0.0	1.0	0.0	1.0	0.0	0.0	0.0	0.0	0.0	0.0	0.0	0.0
c86ffd196b0078ccecba86a814ebdfc5	1.0	0.0	0.0	4.0	0.0	0.0	0.0	4.0	322.0	13.0	42.0	285.0	28.0	7.0	89.0	76.0
8b1466bc9574a9513a5b3c4543eaa768	0.0	0.0	0.0	1.0	0.0	0.0	0.0	0.0	0.0	0.0	0.0	0.0	0.0	0.0	0.0	0.0
28490b6f0807445b92665c15f1c67e24	2.0	7.0	6.0	6.0	7.0	16.0	40.0	3.0	148.0	63.0	617.0	167.0	26.0	284.0	76.0	331.0
be96f8939a2fa483bbc8c6f59e10315b	0.0	0.0	0.0	0.0	0.0	0.0	0.0	3.0	0.0	0.0	0.0	0.0	0.0	0.0	0.0	0.0
c74536dc82f976f14d76dec765e8cee9	0.0	0.0	0.0	0.0	0.0	1.0	0.0	0.0	0.0	0.0	0.0	0.0	0.0	0.0	0.0	0.0
e5b3d228e1e0f478f22194c5b72a6253	278.0	131.0	32.0	145.0	246.0	64.0	110.0	42.0	0.0	0.0	0.0	0.0	0.0	0.0	0.0	0.0
3466fad7816674489de37f101a82ab69	0.0	0.0	0.0	2.0	0.0	0.0	0.0	0.0	0.0	0.0	0.0	0.0	0.0	0.0	0.0	0.0
3b91f3f853208fbb2227f5736c7f82bb	0.0	0.0	0.0	0.0	0.0	0.0	0.0	0.0	0.0	0.0	0.0	0.0	0.0	2.0	0.0	9.0
2ff83afedbcc2eec6dfbe62a2f6ad1e4	0.0	0.0	0.0	0.0	0.0	0.0	0.0	3.0	0.0	0.0	0.0	0.0	0.0	0.0	0.0	0.0
b8115906caa99f5bb8340efc40df63a1	10.0	8.0	57.0	0.0	35.0	35.0	0.0	7.0	0.0	0.0	0.0	0.0	0.0	0.0	0.0	0.0
8827262323b0961c125cdc09573b4f24	17.0	20.0	7.0	19.0	78.0	3.0	0.0	0.0	0.0	0.0	0.0	0.0	0.0	0.0	0.0	0.0
c3c1caf1f8e87288a2d497b66a191c8b	2.0	0.0	2.0	24.0	2.0	3.0	0.0	0.0	0.0	0.0	0.0	0.0	0.0	0.0	0.0	0.0
2af0a579f513e784c4bff153d6f6fa6a	1.0	2.0	3.0	1.0	2.0	4.0	2.0	11.0	0.0	0.0	0.0	0.0	0.0	0.0	0.0	0.0
c6f006c69978987861ed7501b1e97ecb	0.0	0.0	0.0	0.0	2.0	0.0	0.0	0.0	0.0	0.0	0.0	0.0	0.0	0.0	0.0	0.0
ff8c4549543a532a76ee62c4b36d5cfd	0.0	0.0	0.0	0.0	0.0	0.0	0.0	0.0	5.0	0.0	0.0	0.0	0.0	0.0	0.0	0.0
c78c5c259b6ef8e7cb22f5b2ac23c990	0.0	0.0	0.0	1.0	4.0	0.0	0.0	0.0	0.0	0.0	0.0	0.0	0.0	0.0	0.0	0.0
5bf9e50af0dd06e0a419ec41d2f2f187	0.0	0.0	0.0	1.0	0.0	0.0	0.0	0.0	0.0	0.0	0.0	0.0	0.0	0.0	0.0	0.0
535700a1d457b023927edaafc47a7398	0.0	0.0	0.0	0.0	1.0	1.0	16.0	1.0	0.0	0.0	0.0	0.0	0.0	0.0	0.0	0.0
ab2b071abcb49c53965df22c590ba2a2	2.0	0.0	0.0	10.0	5.0	3.0	0.0	4.0	0.0	0.0	0.0	0.0	0.0	0.0	0.0	0.0
184a145f2ed6de9a2a64ee72912b4a4f	0.0	0.0	0.0	0.0	0.0	0.0	0.0	3.0	0.0	0.0	0.0	0.0	0.0	0.0	0.0	0.0
3428b440655ae48f0366eafa2517c8bf	0.0	0.0	0.0	0.0	3.0	0.0	0.0	4.0	0.0	0.0	0.0	0.0	0.0	0.0	0.0	0.0
4f8c53cb812e9c6204c71d803c4f63bf	3.0	1.0	2.0	2.0	1.0	2.0	0.0	0.0	0.0	0.0	0.0	0.0	0.0	0.0	0.0	0.0
f0ee652dac76c3046deb3ea6070dc592	25.0	28.0	24.0	27.0	24.0	26.0	99.0	40.0	0.0	0.0	0.0	0.0	0.0	0.0	0.0	0.0
34e8294334b81aec9a78e73894284692	14.0	0.0	3.0	5.0	3.0	7.0	48.0	10.0	0.0	0.0	0.0	0.0	0.0	0.0	0.0	0.0
35400360e85ebbf83196f959e22b1a07	8.0	12.0	1.0	5.0	10.0	2.0	6.0	1.0	0.0	0.0	0.0	0.0	0.0	0.0	0.0	0.0
866989308cedb8caea176f64a70961e4	10.0	6.0	5.0	7.0	0.0	0.0	0.0	9.0	0.0	0.0	0.0	0.0	0.0	0.0	0.0	0.0
f4f60d56b298cbdf61ccd032bdff1fd9	0.0	0.0	0.0	1.0	0.0	5.0	0.0	0.0	0.0	0.0	0.0	0.0	0.0	0.0	0.0	0.0
89fccb2dcfe4533aa5a4a82c6a306331	0.0	0.0	0.0	0.0	4.0	0.0	0.0	0.0	0.0	0.0	0.0	0.0	0.0	0.0	0.0	0.0
92669b7b6b2601925f14e6fed94ff6be	1.0	1.0	4.0	6.0	0.0	4.0	0.0	0.0	0.0	0.0	0.0	0.0	0.0	0.0	0.0	0.0
feb4968fef13f03a5587d7f670835083	0.0	0.0	0.0	0.0	0.0	5.0	0.0	0.0	0.0	0.0	0.0	0.0	0.0	0.0	0.0	0.0
8ac8e978fcff626a1aa7ed3e70b2a159	0.0	0.0	14.0	1.0	0.0	0.0	0.0	0.0	0.0	0.0	0.0	0.0	0.0	0.0	0.0	0.0
94b89cadb6e38033b3040bfe719b6a93	19.0	23.0	8.0	12.0	6.0	6.0	18.0	17.0	0.0	0.0	0.0	0.0	0.0	0.0	0.0	0.0
d272f7cea35f0bb499d8a327349d0149	0.0	0.0	2.0	2.0	1.0	37.0	0.0	0.0	0.0	0.0	0.0	0.0	0.0	0.0	0.0	0.0
7a65dcd6d23b0efe3c4da7ffadd33487	14.0	17.0	14.0	10.0	12.0	35.0	74.0	8.0	0.0	0.0	0.0	0.0	0.0	0.0	0.0	0.0
d261f4b5366ace7b02d10bfa57886322	0.0	0.0	3.0	5.0	0.0	8.0	0.0	0.0	0.0	0.0	0.0	0.0	0.0	0.0	0.0	0.0
29eb8a4fe44e2e45c79f7439ffb73853	0.0	0.0	0.0	0.0	0.0	3.0	0.0	0.0	0.0	0.0	0.0	0.0	0.0	0.0	0.0	0.0
6d4512e99469e4735c995293af1364a0	0.0	0.0	0.0	0.0	0.0	0.0	0.0	1.0	0.0	0.0	0.0	0.0	0.0	0.0	0.0	0.0
6e5f10f3f562a4c6f63c7e21aec4bb32	0.0	0.0	0.0	2.0	0.0	0.0	0.0	0.0	0.0	0.0	0.0	0.0	0.0	0.0	0.0	0.0
2349edff7de2eb0b01279536928bc445	1.0	4.0	5.0	2.0	3.0	0.0	0.0	0.0	0.0	0.0	0.0	0.0	0.0	0.0	0.0	0.0
3dfaa3459d4b86dc4476850b9c67b056	20.0	7.0	22.0	19.0	62.0	0.0	0.0	0.0	0.0	0.0	0.0	0.0	0.0	0.0	0.0	0.0
43443a6e839b7ffaffe6cced6f1a1a2d	0.0	1.0	0.0	0.0	0.0	0.0	0.0	4.0	0.0	0.0	0.0	0.0	0.0	0.0	0.0	0.0
99a2f14a52ebf17f112cbcfe41cc8748	0.0	0.0	0.0	0.0	0.0	0.0	0.0	1.0	261.0	566.0	83.0	286.0	356.0	269.0	327.0	288.0
847f73286f086d05233731f6d30a3710	3.0	1.0	8.0	4.0	2.0	7.0	0.0	1.0	0.0	0.0	0.0	0.0	0.0	0.0	0.0	0.0
109ca15dcae01186cce0030d24b79b7d	0.0	0.0	1.0	0.0	0.0	0.0	0.0	0.0	0.0	0.0	0.0	0.0	0.0	0.0	0.0	0.0
6dc8e56b57358231e033215d78473a34	0.0	0.0	0.0	0.0	1.0	0.0	0.0	0.0	0.0	0.0	0.0	0.0	0.0	0.0	0.0	0.0
87e9a120ff79c55d496df71a465b09b5	24.0	26.0	76.0	35.0	41.0	140.0	0.0	16.0	0.0	0.0	0.0	0.0	0.0	0.0	0.0	0.0
8f889d79ea25ec58fa0b74cda902a3c3	0.0	1.0	1.0	0.0	0.0	0.0	0.0	0.0	0.0	0.0	0.0	0.0	0.0	0.0	0.0	0.0
db285030166d464f3d32d34df1920641	0.0	0.0	0.0	1.0	0.0	2.0	0.0	0.0	0.0	0.0	0.0	0.0	0.0	0.0	0.0	0.0
9befd8faf43df56603aa13945be7284f	3.0	0.0	0.0	0.0	0.0	0.0	0.0	0.0	0.0	0.0	0.0	0.0	0.0	0.0	0.0	0.0
e48a6fb20346943c4f53e88e4af35b1e	0.0	0.0	1.0	2.0	10.0	0.0	0.0	17.0	0.0	0.0	0.0	0.0	0.0	0.0	0.0	0.0
e01d8835cf2fca4f167ec7e8501ababa	0.0	0.0	0.0	1.0	0.0	0.0	0.0	0.0	0.0	0.0	0.0	0.0	0.0	0.0	0.0	0.0
9dd805a48a2c31a55e84d0b682af03d0	0.0	1.0	0.0	2.0	2.0	2.0	0.0	1.0	0.0	0.0	0.0	0.0	0.0	0.0	0.0	0.0
ad9d0ba01d910be24527867e5aae6134	12.0	2.0	31.0	21.0	0.0	7.0	0.0	2.0	0.0	0.0	0.0	0.0	0.0	0.0	0.0	0.0
8ab606959ccfdb1ee894674fef435bc3	1.0	0.0	1.0	2.0	0.0	4.0	0.0	0.0	0.0	0.0	0.0	0.0	0.0	0.0	0.0	0.0
b92150ec5976921baa0f0de2bf076c42	0.0	4.0	0.0	4.0	1.0	0.0	0.0	0.0	0.0	0.0	0.0	0.0	0.0	0.0	0.0	0.0
131fbb8932c5d40478f5d02c7199b18b	0.0	6.0	6.0	0.0	10.0	0.0	24.0	28.0	0.0	0.0	0.0	0.0	0.0	0.0	0.0	0.0
a9d4f0be66866464d63745c9192a2737	0.0	0.0	0.0	0.0	5.0	0.0	0.0	1.0	0.0	0.0	0.0	0.0	0.0	0.0	0.0	0.0
7cce9337eb976e351602a77affc22ad4	29.0	81.0	38.0	20.0	15.0	57.0	30.0	5.0	0.0	0.0	0.0	0.0	0.0	2.0	0.0	0.0
f2adff74c22237200d13986c2b5674f7	4.0	0.0	0.0	2.0	0.0	4.0	0.0	0.0	0.0	0.0	0.0	0.0	0.0	0.0	0.0	0.0
36422014d23bcce5ea032266f2c3e7c8	0.0	0.0	0.0	0.0	2.0	0.0	0.0	0.0	0.0	0.0	0.0	0.0	0.0	0.0	0.0	0.0
2a0578cf386c35d67802a3c6990249e1	68.0	5.0	27.0	49.0	0.0	8.0	0.0	57.0	0.0	0.0	0.0	0.0	0.0	0.0	0.0	0.0
b971d9f1bcbee21de4219a5cea16e14c	0.0	0.0	0.0	4.0	0.0	0.0	0.0	0.0	0.0	0.0	0.0	0.0	0.0	0.0	0.0	0.0
ed681bad80561b2db4a89667097d7d06	0.0	0.0	0.0	0.0	0.0	4.0	0.0	0.0	0.0	0.0	0.0	0.0	0.0	0.0	0.0	0.0
9b4583678bef68d296d82e51a9408e8d	0.0	0.0	0.0	0.0	0.0	0.0	0.0	0.0	0.0	0.0	0.0	1.0	0.0	0.0	1.0	0.0
08cb971af25f6d2903f9eaf603743ddf	1.0	3.0	1.0	9.0	0.0	31.0	38.0	101.0	0.0	0.0	0.0	0.0	0.0	0.0	0.0	0.0
be8a45e8882bd538ba3c8055c58c0ecd	0.0	0.0	0.0	0.0	0.0	0.0	27.0	1.0	0.0	0.0	0.0	0.0	0.0	0.0	0.0	0.0
cc55a987674f40021c534d182b1bcc17	0.0	0.0	0.0	0.0	0.0	0.0	0.0	1.0	0.0	0.0	0.0	0.0	0.0	0.0	0.0	0.0
29d3a657e7d2511ef3536cd296eee46b	0.0	0.0	1.0	4.0	3.0	3.0	0.0	3.0	0.0	0.0	0.0	0.0	0.0	0.0	0.0	0.0
4f6ed50cedb83ca007538d6c3da4218c	1.0	0.0	0.0	2.0	0.0	0.0	0.0	0.0	0.0	0.0	0.0	0.0	0.0	0.0	0.0	0.0
60a056c58fd5b07fbfa36ec7ad6bd69e	0.0	0.0	0.0	1.0	0.0	5.0	0.0	0.0	0.0	0.0	0.0	0.0	0.0	0.0	0.0	0.0
7b5e8819880c7440ef1d66997dd9d816	0.0	0.0	0.0	0.0	0.0	3.0	0.0	0.0	0.0	0.0	0.0	0.0	0.0	0.0	0.0	0.0
d185ed2f2657ea3f6510629b31523661	0.0	0.0	0.0	0.0	0.0	0.0	0.0	1.0	0.0	0.0	0.0	0.0	0.0	0.0	0.0	0.0
9fadaa31bfde8be8063e2e413609bbd0	0.0	0.0	0.0	0.0	0.0	0.0	0.0	0.0	0.0	0.0	0.0	0.0	0.0	2.0	0.0	17.0