Eigvals	13
0.20225073074027494	0.13055143293692198	0.11710605589593427	0.08907527204613301	0.07696689990564427	0.06115331977759813	0.053517327815423205	0.04715082448009371	0.01884681116758284	0.011241838251254901	0.008667034202288416	0.0	0.0

Proportion explained	13
0.24769615113302773	0.15988613413171593	0.14341960206335075	0.10909034526697468	0.09426124099275117	0.07489437433662609	0.06554258701704227	0.05774554041768146	0.023081659929012174	0.013767861585982326	0.010614503125835449	0.0	0.0

Species	0	0

Site	13	13
e11_t1_y2017_seqrunB	-0.02713635552083427	0.18995213872941108	0.00795337817550917	-0.11133838978411616	0.06211623812999681	0.012284985994189061	0.08147221254790349	0.03911808672042702	-0.012658481335508393	-0.030156637170327148	0.009801654909924998	0.0	0.0
e13_t1_y2017_seqrunB	-0.031111945794404034	-0.029917254515212672	0.033967827137354675	-0.040106897611407455	-0.13440877908723392	0.0026887020343621124	-0.04527814710054274	-0.08039904817130117	-5.113008820295307e-05	-0.06435541217122082	-0.029985832160695898	0.0	0.0
e14_t1_y2017_seqrunB	-0.10614810143784709	0.040154536395797004	0.1354741496330147	-0.0337819711167738	-0.011325431013805598	0.021765041261658558	-0.03793147263564125	-0.09808231305182523	-0.02798140892301437	0.03089443265162118	0.05142917771614033	0.0	0.0
e16_t1_y2017_seqrunB	-0.09531343110862657	0.02529645238844998	0.05737444748344676	0.020413183771374712	0.11026037703049227	-0.07025738599258927	0.02892917140908618	0.004334546289655799	0.06485656156706376	-0.02428464439660473	-0.004071951717578598	0.0	0.0
e17_t1_y2017_seqrunB	-0.2647447012781014	-0.0926957602784096	-0.012608403572424697	-0.006921271367278959	0.02646443427434048	0.00770436768652473	-0.06542555412045127	0.10561975037472501	-0.05370314406821288	0.0037045766515602535	-0.015522751656743926	0.0	0.0
e19_t1_y2017_seqrunB	0.16326363218334075	-0.1594274602620005	0.01621547157491142	-0.051609170875107455	0.1630929301281998	-0.010087818153338276	-0.030024032611384515	-0.06272541645147982	-0.012928444507738958	0.006577698079498103	-0.019028654768550594	0.0	0.0
e23_t1_y2017_seqrunB	0.028262129168507125	0.08593326940398592	0.030085258831407776	-0.06327608151645288	-0.07957406189980629	-0.09749021336743209	0.007265036603156912	0.0057124122939968495	0.01460602888045475	0.062499268388336304	-0.042728242558560996	0.0	0.0
e30_t1_y2017_seqrunB	0.1090427308897652	0.008074597328764675	0.16499916363759637	0.14834151429795933	-0.016284661800732098	0.10546848549830222	0.07087487302113664	0.03550866753080574	-0.021615854256751325	0.003668571665716401	-0.020536058087131662	0.0	0.0
f15_t1_y2017_seqrunB	0.08192648320995677	0.024192641559323397	-0.02240494708407658	-0.02374502190057265	-0.018729047521324878	0.10408738145563906	-0.11679674249214059	0.061421682932406595	0.07707465910916834	0.00843268655529698	0.01435490589013938	0.0	0.0
f20_t1_y2017_seqrunB	-0.06835229773960026	-0.07028235437369096	-0.18754017190065667	-0.04929513624822328	-0.024899149094820012	0.1054529041853911	0.10666501227626916	-0.04614469970991095	0.00917982909338138	0.019602905223619738	-0.0033608663067957664	0.0	0.0
f25_t1_y2017_seqrunB	0.2408129980583947	-0.01718645848204949	-0.05721236830308917	-0.05376690472915159	-0.04805057282446917	-0.05628011382336197	-0.005375061904261368	0.06494967499076491	-0.048230339468912864	-0.014574033399984036	0.027852830837293126	0.0	0.0
f28_t1_y2017_seqrunB	0.006202233171645867	0.1463345703875351	-0.163517079006389	0.17597131895919946	0.03651116571183556	-0.032504115875525846	-0.057321724047263566	-0.050601803320244686	-0.022103762587968246	-0.0007096579963722304	-0.002284069792059048	0.0	0.0
f31_t1_y2017_seqrunB	-0.036703373802196786	-0.15042891828190308	-0.0027867266066047823	0.08911482812055063	-0.06517344203267254	-0.09283222090381965	0.06294642905413307	0.021288459571980542	0.033555486586242335	-0.0012997540811401172	0.03407985769461813	0.0	0.0

Biplot	0	0

Site constraints	0	0
