Eigvals	17
0.5217758151499399	0.06860517697821515	0.062326540255887644	0.012075372758842459	0.011028888908602312	0.009997287960512156	0.006935474273599413	0.002343003769699925	0.00211611398537335	0.0012630759892434864	0.00016186048009736616	2.2323687445682538e-06	0.0	0.0	0.0	0.0	0.0

Proportion explained	17
0.7468548239295102	0.09819946782698954	0.08921240865786391	0.01728433962217447	0.01578643287942599	0.014309829092740346	0.009927237459229974	0.0033537078896279655	0.003028944408829351	0.0018079304716048504	0.00023168241389173234	3.195348111700338e-06	0.0	0.0	0.0	0.0	0.0

Species	0	0

Site	17	17
b1_t1_y2017_seqrunB	-0.19284411576658525	0.007803543322914427	0.008057516452026924	0.0005591009499696849	-0.06283909375616785	0.014894190562807354	0.029194510245084238	0.010446248478949975	-0.006243168175294501	0.001890540669794953	0.0016471562170875277	0.00012519768802845752	-0.0	0.0	0.0	0.0	0.0
b2_t1_y2017_seqrunB	-0.3485156016822959	0.015590082868361645	0.009187301235041185	-0.002922065437739943	0.05015393732574499	-0.0225372424072281	-0.020939019506640517	0.0006578275693692483	0.0075087482596338	-0.00012211749202766228	7.069902468042987e-05	-5.5375350217302354e-05	-0.0	0.0	0.0	0.0	0.0
b3_t1_y2017_seqrunB	-0.2505404537284988	0.010909442503205975	0.006599234850016751	-0.033070359279302415	0.00270797133049244	-0.03887351499783223	-0.0038689453365122854	-0.0030993816920165886	-0.02003437978038042	0.004393349703608697	0.0003619322819009384	5.518065755801497e-05	-0.0	0.0	0.0	0.0	0.0
b4_t1_y2017_seqrunB	-0.3928813294108375	0.019580871341639425	0.02386414426054183	0.04642620912375371	-0.013932438968627378	0.026388009047433023	0.0016402019243414937	-0.0022172027039891284	0.010584281198989296	-0.0039013258867737137	-0.00029994861691932543	-0.0001404911641626584	-0.0	0.0	0.0	0.0	0.0
e11_t1_y2017_seqrunB	0.11753749520903733	0.013525877743112822	-0.016689282458643893	0.035057678445516716	0.006521933456187211	0.04520657378978508	-0.028674856133003825	-0.01902355712606453	-0.01885763767856385	0.004319512323780969	-0.0008644955006614125	0.00017106294160111713	-0.0	0.0	0.0	0.0	0.0
e13_t1_y2017_seqrunB	-0.006911228347477923	-0.017572930202326458	-0.0050601366354454235	-0.045281125016533266	-0.008394889081249643	0.03536772370472084	-0.03919406380010721	0.009287859201830931	0.005210655118383301	0.006809245108282861	-0.0015110205045612403	0.0001172140334877379	-0.0	0.0	0.0	0.0	0.0
e14_t1_y2017_seqrunB	0.10768416515289973	-0.10265906043259203	0.01583498215961761	0.03888139648965891	-0.014266560288966668	-0.03580493434040403	-0.010418865575814323	0.0028098348628809986	0.008421523862230095	0.012083772589948413	-0.0027338534601920417	0.00019996638802572192	-0.0	0.0	0.0	0.0	0.0
e16_t1_y2017_seqrunB	0.12183275856837206	-0.05089321002146158	0.08569606525811568	0.004775560809496673	0.019249907385903358	0.004320219773436941	-0.001200056243798126	0.006386138811397026	-0.010220461669620883	-0.006131516095239398	0.009315396215403995	8.379530459391622e-05	-0.0	0.0	0.0	0.0	0.0
e17_t1_y2017_seqrunB	0.10952009343386714	-0.03899888171852611	0.12376013899918757	-0.005665577386400106	0.022086735616764098	0.008458933079709506	0.03419548638083289	-0.009263291560747233	0.007256583026600558	0.013638088939108638	-0.0017276346901562206	-0.0002516623671433222	-0.0	0.0	0.0	0.0	0.0
e19_t1_y2017_seqrunB	0.11402195494903272	-0.04542121218464762	0.08264023271057391	-0.022608262461553844	-0.013803525145758345	0.003948444700314922	-0.012946367773515464	0.006448298535492644	0.0036941767810053767	-0.02214436940772115	-0.0042255659307521105	-0.00030344176249831974	-0.0	0.0	0.0	0.0	0.0
e23_t1_y2017_seqrunB	0.15743494168695743	0.10897472574809047	0.04182297482581068	0.0022074900444777994	-0.03325970296808841	-0.04172149647292915	-0.01043122291769837	-0.0119801622050125	-0.0019253914153212729	-0.003589450872546793	-0.0008616653274274639	0.00042215553634291047	-0.0	0.0	0.0	0.0	0.0
e30_t1_y2017_seqrunB	0.1561549566362325	0.136564557342737	-0.017332451525067082	-0.021838897286772133	0.0005363409506330065	0.009643429505523389	0.0004954944432299546	0.013459840946374969	0.009907161831272975	0.012109328680001932	0.0017697276177087377	-0.0002746115029267979	-0.0	0.0	0.0	0.0	0.0
f15_t1_y2017_seqrunB	0.0934035336077882	0.014805712288574973	-0.06425205174183256	0.023774793267199217	0.012459005294139387	-0.010460316603869662	0.010826102733619232	0.013454989768522692	-0.020219681585474998	-0.0013928543292030355	-0.003105235535323382	-0.0008354562592051848	-0.0	0.0	0.0	0.0	0.0
f20_t1_y2017_seqrunB	0.004588663086005664	0.04092273376500801	-0.037605711879136604	-0.026135026125643637	0.019975781660901155	0.013101827854937754	0.03328891886223024	-0.02207583369359721	0.0026986752937925742	-0.00800986836821251	-0.0016578182377468371	0.0001566166146161382	-0.0	0.0	0.0	0.0	0.0
f25_t1_y2017_seqrunB	0.002920005930485895	-0.13300510201054996	-0.11949180061429013	-0.031525098889995516	-0.016231240372815956	-0.002942823449343825	0.006158084393742846	-0.009888952828803069	0.0021230971209988815	0.001871442491640577	0.0016745853147297598	-7.112450170745622e-05	-0.0	0.0	0.0	0.0	0.0
f28_t1_y2017_seqrunB	0.13008781439836523	0.02191506893868113	-0.07992463933107036	0.0230578198709612	-0.0035384082851664367	-0.014836619532058924	-0.007826077644452067	-0.0067955513703340225	0.018950156965956193	-0.006596086268882169	0.004190301547901292	-0.0003254677384443173	-0.0	0.0	0.0	0.0	0.0
f31_t1_y2017_seqrunB	0.07650634627665175	-0.0020422192922219346	-0.05710651656544636	0.014306362882906907	0.032574245846075135	0.005847595784996447	0.01970067594846064	0.02139289500574577	0.0011456608457921322	-0.00522769178555973	-0.0020425604156662064	0.0009264414820406967	-0.0	0.0	0.0	0.0	0.0

Biplot	0	0

Site constraints	0	0
