Eigvals	8
0.2024665724997964	0.15210176011232499	0.07798894264463188	0.03451455730334056	0.023833265664909616	0.019307768683348384	0.01233304614942689	0.0

Proportion explained	8
0.38746178553961697	0.2910782695098925	0.14924801954389894	0.06605076499665252	0.045609897751270584	0.036949420521471946	0.023601842137196478	0.0

Species	0	0

Site	8	8
E7_T1_y2014_seqrunA	-0.020325219449832965	-0.16227413430427484	0.05696281924955979	0.007170146377514668	-0.030242125086191854	0.0757817247347602	0.06291251648144326	-0.0
F10_T1_y2014_seqrunA	-0.1034403765856577	-0.13422717476909574	-0.030746775643086095	0.13252242953574864	0.04500011051361631	-0.03993039203653616	-0.013690397511904486	-0.0
F2_T1_y2014_seqrunA	0.05194500745517688	0.08188024270856721	0.14964757552407085	-0.041119629070540696	0.04706891802519889	-0.07069202939650072	0.03999086672074131	-0.0
F3_T1_y2014_seqrunA	-0.1740072664256084	0.20042542201412236	-0.1451635015053808	-0.001541953833108551	-0.04215792978345692	-0.015067220925649577	0.035943392763455026	-0.0
F4_T1_y2014_seqrunA	-0.037763963016311526	0.16797434677815623	0.041349250625171086	0.0022121592459188903	0.06979043841661559	0.0794517382314042	-0.03989881268710639	-0.0
E2_T1_y2014_seqrunA	-0.015005341434712091	0.014911851320293207	0.10937327675301917	0.009339547748345825	-0.10679549201103544	-0.014854692265921447	-0.05285742466956837	-0.0
E5_T1_y2014_seqrunA	-0.08749808925712566	-0.17976857360708673	-0.08064617543791477	-0.12219027593949272	0.02407328678640976	-0.014588619276163728	-0.030087661463558645	-0.0
E9_T1_y2014_seqrunA	0.38609524871407214	0.011078019859318252	-0.1007764695654385	0.013607575935613781	-0.006737206861156457	-0.00010050906539300364	-0.0023124796335014758	-0.0

Biplot	0	0

Site constraints	0	0
