Eigvals	17
0.5336466664308271	0.21902648480464101	0.12310795952189131	0.10677677804033456	0.08289849017881065	0.07482402547989922	0.05801228038021612	0.03971806743309305	0.030422413979298915	0.016977789744887624	0.012671280341817722	0.004611320004290294	0.001357958468136699	0.0	0.0	0.0	0.0

Proportion explained	17
0.4092220747194475	0.16795846047298582	0.09440421495925587	0.08188079752052115	0.06356995044862696	0.057378120902614446	0.04448618764018003	0.03045743744175358	0.02332915044677107	0.013019263082858688	0.00971685565940388	0.003536148650514565	0.0010413380550663947	0.0	0.0	0.0	0.0

Species	0	0

Site	17	17
b1_t1_y2017_seqrunB	-0.2355244118171519	-0.028616123145772148	-0.007069857540707431	-0.019305967736842664	-0.019416588718248796	-0.03351104472599804	-0.00315637654863528	0.010300348256552069	-0.020459608827550914	0.005418669418221615	-0.014096498122004326	0.023215919534724155	-0.008709951314810463	0.0	0.0	0.0	0.0
b2_t1_y2017_seqrunB	-0.2870448282703393	0.12586825803307816	0.04125017063481761	0.022188950180560982	0.003483763489409356	-0.09702569825064106	-0.01129618378639251	0.05262331961078548	-0.010063759049470397	0.04233303580344107	0.009944249565913808	0.012400761517639797	0.0043842168224226844	0.0	0.0	0.0	0.0
b3_t1_y2017_seqrunB	-0.23688019829436693	-0.01920765446579992	0.010353468543961545	-0.027317243842664193	-0.038433441641635605	-0.017962853270012374	0.02043885095162345	-0.012352619202040465	-0.00087727178944406	-0.04064895627234993	0.019043925609345314	0.008282550416976278	-0.02040817416013382	0.0	0.0	0.0	0.0
b4_t1_y2017_seqrunB	-0.24307453563037368	-0.03819545329174409	-0.024273196447001846	-0.039423590499133104	-0.024606821225941263	-0.03278315056141867	0.0052445685839757235	0.01338226454851155	-0.0006915921647282507	-0.03146099495026257	0.006420478672959734	-0.008928424220166714	0.024601987725282885	0.0	0.0	0.0	0.0
e11_t1_y2017_seqrunB	0.16883904203683145	-0.1201518818024142	0.07048766627386727	0.033265470220660884	0.04682394149592684	-0.042462322488556574	0.02268554867955736	0.04805398232791597	-0.08971873608443491	0.04550064995195921	-0.0018047278137507529	-0.022872173851256526	-0.007144146518844285	0.0	0.0	0.0	0.0
e13_t1_y2017_seqrunB	0.06449242643525849	-0.09499910264051907	0.07584859027487559	-0.04744773709653226	-0.009845428867452296	-0.05488438996568954	-0.12324504957489864	-0.12125312630807361	0.025989550812045747	0.027611952889512414	-0.026759265192218287	0.004126587103423306	0.0006747708160649215	0.0	0.0	0.0	0.0
e14_t1_y2017_seqrunB	0.22254014605440603	0.0017910613772704558	0.046906101014410104	-0.1577054894329041	0.0526778193614262	0.025646971722523806	0.03529117981589878	0.08078431844428414	0.04258670962512265	-0.008358019510987873	-0.04902608514821124	0.020925421132556903	0.0011055677276985238	0.0	0.0	0.0	0.0
e16_t1_y2017_seqrunB	0.21779828017849032	0.011951862873836816	-0.08440163657894259	-0.027281342731668358	-0.0027290928778553342	0.00035218456333120955	0.033490559127717326	-0.04452739312531234	-0.07063377377916025	0.017174625167378707	0.027525259242447843	0.024963840722110532	0.010963180879715151	0.0	0.0	0.0	0.0
e17_t1_y2017_seqrunB	0.2940766815856297	0.02635965724386027	-0.07156199668773316	0.04398284665401934	-0.17543000458106653	-0.07921622387961266	-0.0518934606169384	0.04489467444741823	-0.0028289931966644466	-0.042345839253009325	-0.007065598904406544	-0.008883530126181607	-0.0021609317198273224	0.0	0.0	0.0	0.0
e19_t1_y2017_seqrunB	-0.08362874357382742	0.0609047018037156	-0.176937517439275	-0.12050487040821448	-0.0448106371070119	0.13479816798234476	-0.016953900665305072	-0.012362005549835676	-0.013722048260599118	0.03573134600097566	0.004347337726282964	-0.013923868436326417	-0.005424628401094675	0.0	0.0	0.0	0.0
e23_t1_y2017_seqrunB	0.04669865967348517	-0.029035276898235127	0.07887112933083722	-0.014760380931505666	0.006522265318255202	0.0030156085711331554	0.13731165899325218	-0.07984731228795647	-0.01779900150607473	-0.04303963989231141	0.002766351433424503	-0.004230994109687735	-0.00010823228701894968	0.0	0.0	0.0	0.0
e30_t1_y2017_seqrunB	0.010181355136825575	0.24346184119461875	0.16992051586697707	-0.05459876627275402	0.015732650574417303	0.05776886098692483	-0.052386465352855224	0.0019835122780263088	-0.009248221700939401	-0.016101050427796564	0.017107415299169197	-0.025130059300286507	0.0011029161755257164	0.0	0.0	0.0	0.0
f15_t1_y2017_seqrunB	0.08630079810814836	-0.11239631313325378	-0.09340851103329921	-0.02511645737745747	0.15848712677763402	-0.05245755625482065	-0.04871586914537803	0.01967620193700066	0.05044037664693999	-0.022845878018690795	0.053264515512472584	-0.008472817828286662	-0.00298889235174843	0.0	0.0	0.0	0.0
f20_t1_y2017_seqrunB	0.059925617771709926	-0.11161782791797223	0.08680529812532584	0.06791451556968948	-0.10135622537826958	0.0661618307918374	0.05359368807986968	0.016995899311548213	0.08878625103882544	0.047966951987133265	0.03911315989034297	0.003188844980118054	0.0019326057382912018	0.0	0.0	0.0	0.0
f25_t1_y2017_seqrunB	-0.15955664363003202	-0.0793277035965541	-0.0792397620485928	0.06404226073028164	0.024367446200207192	-0.008241426720155173	0.04890607632286568	-0.009303507106701846	0.026841828936974108	0.008462169856603663	-0.054948963883976104	-0.02889958342096915	0.0018612729738328128	0.0	0.0	0.0	0.0
f28_t1_y2017_seqrunB	-0.05173002647527219	-0.10238628431983919	0.031165618767431888	0.15387713816454562	0.04001148921589668	0.14868545960252394	-0.07909040540704994	0.024106107611289805	-0.03553827948643677	-0.034125861161792836	-0.012628030914671833	0.016357194773574717	0.0030494514634655722	0.0	0.0	0.0	0.0
f31_t1_y2017_seqrunB	0.12658638071057826	0.26559623868572424	-0.07471608105695225	0.14819066480991835	0.06852173796430877	-0.017884418103714043	0.02977558054269282	-0.03315466519341147	0.03693656878559537	0.00872683841197485	-0.013203522973119438	0.007880331112035071	-0.0027310135688251736	0.0	0.0	0.0	0.0

Biplot	0	0

Site constraints	0	0
