Eigvals	8
0.06390813807658029	0.0409914678731936	0.016760338530100883	0.0085851912315292	0.0069695825466805075	0.005047072713145777	0.0005260829785085514	0.0

Proportion explained	8
0.44757398726362363	0.28707947488329827	0.11737928485440233	0.06012549241086942	0.04881074529573705	0.03534664795781148	0.0036843673342578944	0.0

Species	0	0

Site	8	8
E2_T2_y2014_seqrunA	0.0920764034843614	0.12561509798869433	0.030840407986082688	0.011687567776862294	0.010785693264627607	0.024343723377860817	0.008901997881241882	-0.0
E5_T2_y2014_seqrunA	0.008797148730703771	-0.10079311183605495	0.04780556540757521	-0.019438928126406206	-0.04279575474224064	0.029796881754369602	0.001903098030222545	-0.0
E7_T2_y2014_seqrunA	-0.09977987706278774	-0.03006819145482933	0.02651126016172645	0.011886602271173429	0.05382545168318339	0.02146509107069906	-0.00832646985172359	-0.0
E9_T2_y2014_seqrunA	-0.1765663727340836	0.07225370839693022	-0.040590699891779033	-0.02122267515484111	-0.023982929301641073	-0.00266323150057646	0.003635452003567952	-0.0
F10_T2_y2014_seqrunA	-0.011738898448788964	-0.013963204322937647	0.015820087368473658	0.07247614069782986	-0.022301446483957217	-0.02909697870894686	-0.00107661787888899	-0.0
F2_T2_y2014_seqrunA	0.08641058143501809	0.054022111021191185	-0.002018262317332778	-0.02974407806558476	-0.013332837337724402	-0.014910263048520429	-0.016445976430036657	-0.0
F3_T2_y2014_seqrunA	0.07811299304484066	-0.05999081727590269	-0.10182695818062773	0.009679931311445946	0.009962046261490509	0.013915350570523262	0.002242853032483843	-0.0
F4_T2_y2014_seqrunA	0.022688021550736254	-0.047075592517091085	0.023458599465881715	-0.03532456071047944	0.027839776656261757	-0.042850573515409086	0.009165663213133295	-0.0

Biplot	0	0

Site constraints	0	0
