Eigvals	8
0.5700512994729637	0.3154952893990072	0.14378644266063198	0.12523937885893632	0.05923432452162155	0.04467444377374937	0.02221259909086623	0.0

Proportion explained	8
0.44511132119506397	0.24634717125466607	0.11227230517987379	0.09779026105385484	0.04625174694328824	0.034883002126602974	0.017344192246650018	0.0

Species	0	0

Site	8	8
E2_T3_y2014_seqrunA	0.06243291920540064	-0.3438453789666361	0.02079677231495392	0.15239090678042508	0.08657372751011595	0.019017642321837887	-0.061514493921734796	0.0
E5_T3_y2014_seqrunA	0.10305461245173389	-0.2786408818657011	0.0994044331107327	-0.19212591560092093	-0.012253700702604878	-0.04615665859101327	0.06608307946395113	0.0
E7_T3_y2014_seqrunA	-0.44320659977598154	-0.05560498464366087	-0.2555449542904057	0.0056895914219485776	-0.034470302772183666	-0.040683876661589506	0.014199718365043567	0.0
E9_T3_y2014_seqrunA	-0.46611895357675004	0.14524233303671033	0.22133840093859175	-0.013994032414396644	0.015794293289312384	0.05898406441075417	-0.0076424998921791245	0.0
F10_T3_y2014_seqrunA	0.1905809828519912	0.1311286027050501	0.0078011444655014	0.20872345197681733	0.00015736397056169855	0.010911246142291619	0.09494580378482893	0.0
F2_T3_y2014_seqrunA	0.1749932790565349	0.05274477706972495	0.048824240311220804	0.030372743231814204	-0.18950524936105306	-0.035978650740727536	-0.058348047316611064	0.0
F3_T3_y2014_seqrunA	0.1482129769726798	0.25983696356773034	-0.01402178903244788	-0.06284431210877937	0.11833432473742986	-0.1154472295953675	-0.034897711016201975	0.0
F4_T3_y2014_seqrunA	0.23005078281439037	0.08913856909678157	-0.12859824781814705	-0.12821243328690793	0.015369543328421435	0.14935346271381458	-0.012825849467096577	0.0

Biplot	0	0

Site constraints	0	0
