# Constructed from biom file
#OTU ID	F1_T2_y2016_seqrunA	F10_T2_y2016_seqrunA	F2_T2_y2016_seqrunA	F3_T2_y2016_seqrunA	F4_T2_y2016_seqrunA	F5_T2_y2016_seqrunA	F6_T2_y2016_seqrunA	F7_T2_y2016_seqrunA	F8_T2_y2016_seqrunA	F9_T2_y2016_seqrunA	S1_T2_y2016_seqrunA	S10_T2_y2016_seqrunA	S2_T2_y2016_seqrunA	S3_T2_y2016_seqrunA	S4_T2_y2016_seqrunA	S5_T2_y2016_seqrunA	S6_T2_y2016_seqrunA	S7_T2_y2016_seqrunA	S8_T2_y2016_seqrunA	S9_T2_y2016_seqrunA
7a6611aa589302b84a37f2d4e6103291	0.0	0.0	0.0	0.0	0.0	0.0	0.0	0.0	3.0	0.0	0.0	0.0	0.0	0.0	0.0	2.0	0.0	0.0	0.0	0.0
f55982624cd4a57c52cd34b9f914c05e	0.0	0.0	0.0	0.0	0.0	0.0	0.0	0.0	0.0	0.0	0.0	0.0	0.0	0.0	0.0	0.0	1.0	0.0	0.0	0.0
2dc27c6a46c2f8ed6b5cacce395c6d5e	0.0	0.0	0.0	4.0	0.0	0.0	0.0	0.0	0.0	0.0	0.0	0.0	0.0	0.0	0.0	0.0	0.0	0.0	0.0	0.0
c65bde93164250aabfb1da99b61758a2	0.0	0.0	0.0	0.0	0.0	0.0	0.0	0.0	0.0	0.0	0.0	0.0	0.0	0.0	0.0	0.0	0.0	0.0	2.0	0.0
2c2cb13057323c6af7f8ed42e848e562	0.0	0.0	0.0	2.0	0.0	0.0	0.0	0.0	0.0	0.0	0.0	0.0	0.0	0.0	0.0	0.0	0.0	0.0	0.0	0.0
05d3cd33b762ab583f01edebee73f612	0.0	0.0	0.0	0.0	0.0	0.0	1.0	0.0	0.0	0.0	0.0	0.0	0.0	0.0	0.0	0.0	0.0	0.0	0.0	0.0
ea37f69c9f26fe040dec05c155017954	0.0	0.0	0.0	0.0	0.0	0.0	2.0	0.0	0.0	0.0	0.0	0.0	0.0	0.0	0.0	0.0	0.0	0.0	0.0	0.0
f40b84b7ba3238178f938517c7b15655	0.0	0.0	0.0	0.0	0.0	0.0	0.0	0.0	0.0	0.0	0.0	0.0	0.0	0.0	0.0	0.0	0.0	0.0	1.0	0.0
f0e7df24cc548126f7cf9e2dea2ac719	0.0	0.0	0.0	0.0	0.0	0.0	0.0	0.0	1.0	0.0	0.0	0.0	0.0	0.0	0.0	0.0	0.0	0.0	0.0	0.0
8aa69f02826f9fddad8119450f3307c2	0.0	3.0	0.0	0.0	2.0	5.0	3.0	0.0	0.0	0.0	9.0	10.0	6.0	16.0	60.0	0.0	0.0	0.0	3.0	59.0
8dfd173cb6813b3de7e3cac270e00969	50.0	35.0	311.0	44.0	58.0	9.0	3.0	32.0	18.0	35.0	22.0	56.0	0.0	0.0	0.0	48.0	51.0	2.0	57.0	0.0
f87f15da29653e78ac09122a76978475	0.0	1.0	0.0	0.0	0.0	0.0	0.0	0.0	0.0	0.0	0.0	0.0	0.0	0.0	0.0	0.0	0.0	0.0	0.0	0.0
c137174be690f0bff134983702c493ad	0.0	0.0	0.0	0.0	0.0	0.0	4.0	0.0	0.0	0.0	0.0	0.0	0.0	0.0	0.0	0.0	0.0	0.0	1.0	0.0
4b401cd2dccca13ae14ff291d9943ee1	1.0	0.0	0.0	0.0	0.0	0.0	0.0	0.0	0.0	0.0	0.0	0.0	0.0	0.0	0.0	0.0	0.0	0.0	0.0	0.0
6d6702f74c6a6b987bcecde01531b346	0.0	0.0	0.0	0.0	0.0	0.0	0.0	0.0	1.0	0.0	0.0	0.0	0.0	0.0	0.0	0.0	0.0	0.0	0.0	0.0
82278544728dae3f972b3cc99fd6770b	0.0	0.0	0.0	7.0	0.0	0.0	14.0	0.0	0.0	2.0	0.0	0.0	0.0	2.0	0.0	0.0	0.0	1.0	1.0	0.0
990cdfb9e4f800f6edd5246090648821	0.0	0.0	0.0	0.0	0.0	0.0	22.0	0.0	2.0	0.0	0.0	0.0	0.0	0.0	0.0	0.0	0.0	0.0	0.0	0.0
f8f62c53b4ef7fd050b4f0569887fb26	0.0	0.0	0.0	0.0	0.0	0.0	1.0	0.0	0.0	0.0	0.0	0.0	0.0	0.0	0.0	0.0	0.0	0.0	0.0	0.0
9b25249d3f877de0aecfab07a7869596	30.0	29.0	52.0	39.0	2.0	1.0	0.0	43.0	21.0	56.0	0.0	17.0	3.0	0.0	8.0	21.0	4.0	16.0	9.0	38.0
df18303ebe3e31944fbe3a2d6a9443a9	0.0	0.0	0.0	0.0	0.0	0.0	0.0	0.0	0.0	0.0	0.0	0.0	0.0	0.0	0.0	0.0	0.0	1.0	0.0	0.0
367bce8a418e9c107e564afa9d6d9d7b	0.0	0.0	0.0	0.0	0.0	0.0	0.0	2.0	0.0	0.0	0.0	0.0	0.0	0.0	0.0	0.0	0.0	0.0	0.0	0.0
dd2abb03caffa6424768fcbf04afe2e2	0.0	0.0	0.0	0.0	0.0	0.0	1.0	0.0	0.0	0.0	0.0	0.0	0.0	0.0	0.0	0.0	0.0	0.0	0.0	0.0
c04d9f020856dcffc43c0947dad1d2c2	0.0	0.0	0.0	1.0	1.0	3.0	2.0	1.0	0.0	1.0	2.0	0.0	0.0	0.0	2.0	0.0	3.0	2.0	2.0	1.0
db5ced7e2800d4962977f54a4b3a4083	0.0	0.0	0.0	0.0	0.0	0.0	0.0	0.0	0.0	2.0	0.0	0.0	0.0	0.0	0.0	0.0	0.0	0.0	0.0	0.0
9c096b742ad7e2c7d8abd5611e085006	0.0	0.0	0.0	0.0	0.0	1.0	0.0	0.0	0.0	0.0	0.0	0.0	0.0	0.0	0.0	0.0	0.0	0.0	0.0	0.0
5b590406e86af52fd9b22a8f2ecdee54	0.0	0.0	0.0	0.0	0.0	0.0	0.0	0.0	0.0	0.0	0.0	0.0	0.0	0.0	0.0	0.0	0.0	0.0	1.0	0.0
52a5e7367138a20a9a79ff93234f21a5	0.0	0.0	0.0	0.0	0.0	0.0	1.0	0.0	0.0	0.0	0.0	0.0	0.0	0.0	0.0	0.0	0.0	0.0	0.0	0.0
22b3a8e14810f79ba1e451d9b46f847a	0.0	0.0	0.0	0.0	0.0	0.0	1.0	0.0	0.0	0.0	0.0	0.0	0.0	0.0	0.0	0.0	0.0	0.0	0.0	0.0
54e5bcf4f24f4f06d4655fcad56707ef	0.0	0.0	0.0	0.0	0.0	0.0	4.0	0.0	0.0	0.0	0.0	0.0	0.0	0.0	0.0	0.0	0.0	0.0	0.0	0.0
cfbc3df0b21d3690f6330284ea91b2a0	0.0	0.0	0.0	0.0	0.0	0.0	6.0	0.0	0.0	0.0	0.0	0.0	0.0	0.0	0.0	0.0	0.0	0.0	0.0	0.0
69f1b662c30af8ee399be5713868867f	0.0	0.0	0.0	0.0	0.0	1.0	0.0	0.0	0.0	0.0	0.0	0.0	0.0	0.0	0.0	0.0	0.0	0.0	0.0	0.0
7137da4d66d1e80b5913036e4971e645	0.0	0.0	0.0	0.0	0.0	0.0	1.0	0.0	2.0	0.0	0.0	0.0	0.0	0.0	0.0	0.0	0.0	0.0	0.0	0.0
d55082340c0deb5a393525391af63656	1.0	0.0	0.0	0.0	0.0	0.0	0.0	0.0	0.0	0.0	0.0	0.0	0.0	0.0	0.0	0.0	0.0	0.0	0.0	0.0
f3b3e396643a30deb57557e812103745	0.0	0.0	0.0	0.0	0.0	0.0	19.0	3.0	0.0	0.0	3.0	1.0	69.0	7.0	15.0	2.0	0.0	1.0	1.0	0.0
2f5f58c9cf9f3463bff556c7f369c610	0.0	0.0	0.0	0.0	0.0	0.0	0.0	3.0	0.0	0.0	0.0	0.0	0.0	0.0	0.0	0.0	0.0	0.0	0.0	0.0
8fd5c1b566d2156117d8e77ef5107ed6	0.0	0.0	0.0	0.0	0.0	0.0	1.0	0.0	0.0	0.0	0.0	0.0	0.0	0.0	0.0	0.0	0.0	0.0	0.0	0.0
ae86bf2d91044c461e91bb5bee50ebab	0.0	0.0	0.0	0.0	0.0	0.0	0.0	0.0	3.0	0.0	0.0	0.0	0.0	0.0	0.0	0.0	0.0	0.0	0.0	0.0
c9a1ecf1bb82b8620efef2775503d785	0.0	0.0	3.0	0.0	0.0	0.0	0.0	0.0	0.0	0.0	0.0	0.0	0.0	0.0	0.0	0.0	0.0	0.0	0.0	0.0
98e1be79454cb4d2a3eceff4689ec4e9	0.0	0.0	0.0	0.0	0.0	0.0	1.0	0.0	0.0	0.0	0.0	0.0	0.0	0.0	0.0	0.0	0.0	0.0	0.0	0.0
eeebb2c95a4103dff7888a01a9d9f728	0.0	0.0	0.0	5.0	0.0	0.0	0.0	0.0	0.0	0.0	0.0	0.0	0.0	0.0	0.0	0.0	0.0	0.0	0.0	0.0
66f2adffe7aabf778a19bf24c90eedb9	0.0	0.0	0.0	0.0	0.0	0.0	1.0	0.0	1.0	0.0	0.0	0.0	0.0	0.0	0.0	2.0	0.0	0.0	0.0	0.0
710f038e36f0786faec584ef4e315178	0.0	2.0	0.0	0.0	0.0	0.0	0.0	2.0	1.0	7.0	0.0	0.0	0.0	0.0	0.0	4.0	3.0	0.0	0.0	2.0
b893a9291fc92607ed1712ec8f5474e5	0.0	0.0	0.0	0.0	0.0	0.0	1.0	0.0	0.0	0.0	0.0	0.0	0.0	0.0	0.0	0.0	0.0	0.0	0.0	0.0
9dc4f19f80ba36c635a6d166859a2d8e	0.0	0.0	0.0	0.0	0.0	0.0	2.0	0.0	0.0	0.0	0.0	0.0	0.0	0.0	0.0	0.0	0.0	0.0	0.0	0.0
cf740b44bf051e95d80b5b2f3b336f5b	1.0	0.0	0.0	0.0	0.0	0.0	0.0	0.0	0.0	0.0	0.0	0.0	0.0	0.0	0.0	0.0	0.0	0.0	0.0	0.0
2e17e67a5f8510b4fa03e336aff49c00	0.0	0.0	0.0	0.0	0.0	0.0	0.0	0.0	0.0	0.0	0.0	0.0	0.0	0.0	0.0	0.0	0.0	1.0	0.0	0.0
1375cef7a6d1e798214d30e937eabcbb	0.0	0.0	0.0	0.0	0.0	0.0	0.0	0.0	0.0	0.0	2.0	0.0	0.0	0.0	0.0	0.0	0.0	0.0	0.0	0.0
bcae795aa8ebedc1a83dfa83570698ba	0.0	0.0	0.0	1.0	0.0	0.0	2.0	0.0	0.0	0.0	0.0	0.0	0.0	0.0	0.0	0.0	0.0	0.0	0.0	0.0
64e8f05836c18dfda40f58fa92251885	0.0	0.0	0.0	0.0	0.0	0.0	0.0	0.0	0.0	0.0	0.0	0.0	0.0	0.0	0.0	0.0	0.0	0.0	2.0	13.0
07917d305f309a32a5b8bde9a971e077	0.0	0.0	0.0	0.0	0.0	0.0	0.0	0.0	7.0	0.0	0.0	0.0	0.0	0.0	0.0	0.0	0.0	0.0	0.0	0.0
ddf17270eb451f4ed2726d151bd7c296	0.0	0.0	0.0	0.0	0.0	0.0	0.0	0.0	0.0	0.0	0.0	0.0	0.0	0.0	0.0	0.0	14.0	0.0	16.0	0.0
2b4f666e524c2728913768421d249af4	0.0	0.0	0.0	0.0	0.0	0.0	1.0	0.0	0.0	0.0	0.0	0.0	0.0	0.0	0.0	0.0	0.0	0.0	0.0	0.0
5fde5a7b5e65c315f107dc3e08d57b1d	193.0	120.0	28.0	62.0	199.0	146.0	33.0	161.0	54.0	45.0	120.0	97.0	9.0	3.0	5.0	167.0	68.0	382.0	115.0	50.0
e9db6a1b8ac4bfb590edc434695c1af0	0.0	0.0	0.0	0.0	0.0	0.0	0.0	0.0	0.0	0.0	0.0	0.0	0.0	1.0	0.0	0.0	0.0	0.0	0.0	0.0
13fab874eac45016d344f3cdcbc1e593	0.0	0.0	0.0	0.0	0.0	0.0	1.0	0.0	0.0	0.0	0.0	0.0	0.0	0.0	0.0	0.0	0.0	0.0	0.0	0.0
e2f1a1f16f2343a49fd368286029e496	0.0	0.0	0.0	0.0	0.0	0.0	0.0	0.0	0.0	0.0	0.0	0.0	0.0	1.0	0.0	0.0	0.0	0.0	0.0	0.0
464479872449998c1e7257a1a5dada7a	2.0	0.0	0.0	0.0	1.0	0.0	0.0	0.0	0.0	0.0	0.0	0.0	0.0	0.0	0.0	0.0	0.0	0.0	0.0	0.0
3f1eed8fd44f07b29f7856058d1aed64	1.0	0.0	0.0	0.0	0.0	0.0	0.0	0.0	0.0	0.0	0.0	0.0	0.0	0.0	0.0	0.0	0.0	0.0	0.0	0.0
64f9bc58dd7599bb896f459ecb02e248	0.0	0.0	0.0	0.0	0.0	0.0	8.0	0.0	0.0	0.0	0.0	0.0	0.0	0.0	0.0	0.0	0.0	0.0	0.0	0.0
55cca38113297622dfea9ca4c1673242	0.0	0.0	0.0	0.0	1.0	3.0	0.0	0.0	2.0	5.0	0.0	2.0	1.0	0.0	0.0	0.0	0.0	2.0	2.0	5.0
a2767cabe39a632bbd2d33194f544ead	4.0	1.0	0.0	0.0	0.0	0.0	0.0	0.0	0.0	4.0	0.0	0.0	0.0	0.0	0.0	3.0	0.0	1.0	0.0	0.0
b09f4ab31572ad8d379c945500bb2f84	0.0	0.0	0.0	0.0	0.0	0.0	1.0	0.0	0.0	0.0	0.0	0.0	0.0	0.0	0.0	0.0	0.0	0.0	0.0	0.0
8412d92ea37579a1dc66f578f1b07827	9.0	0.0	2.0	1.0	0.0	0.0	0.0	0.0	0.0	7.0	0.0	0.0	0.0	14.0	0.0	0.0	14.0	11.0	9.0	76.0
ca6c0016d6957229e4081a0087a1ab7d	0.0	0.0	0.0	0.0	0.0	0.0	0.0	0.0	3.0	0.0	0.0	0.0	0.0	0.0	0.0	0.0	0.0	0.0	0.0	0.0
88ea40f153cfca3849f10f49b8138d67	0.0	0.0	0.0	0.0	0.0	0.0	6.0	0.0	0.0	0.0	0.0	0.0	0.0	0.0	0.0	0.0	0.0	0.0	0.0	0.0
a0684b77b0950e9be996e4452ea49700	1.0	8.0	24.0	10.0	0.0	0.0	4.0	0.0	0.0	0.0	0.0	7.0	2.0	0.0	20.0	7.0	0.0	2.0	1.0	0.0
c7bf27c3c9c986fbb92a386ab6be6b22	0.0	0.0	0.0	0.0	0.0	0.0	0.0	0.0	0.0	0.0	0.0	2.0	0.0	0.0	0.0	0.0	0.0	0.0	0.0	0.0
97024615b81595776a9c23442cd85506	0.0	0.0	0.0	0.0	0.0	1.0	0.0	0.0	0.0	0.0	0.0	0.0	0.0	0.0	0.0	0.0	0.0	0.0	0.0	0.0
94e79afce3eee86a4329880a04999812	0.0	3.0	0.0	0.0	0.0	1.0	0.0	0.0	0.0	1.0	1.0	0.0	1.0	0.0	0.0	1.0	0.0	1.0	1.0	1.0
c86ffd196b0078ccecba86a814ebdfc5	6.0	4.0	0.0	10.0	4.0	8.0	6.0	0.0	19.0	9.0	0.0	0.0	12.0	151.0	10.0	2.0	4.0	4.0	4.0	0.0
1b492d4c1c89a6d5af7aa3a34e5731d0	0.0	0.0	0.0	0.0	0.0	0.0	0.0	0.0	1.0	0.0	0.0	0.0	0.0	0.0	0.0	0.0	0.0	0.0	0.0	0.0
34c260e93824eae7f8d273f07bab7971	0.0	15.0	0.0	0.0	0.0	1.0	0.0	0.0	0.0	0.0	0.0	0.0	0.0	0.0	0.0	2.0	0.0	1.0	0.0	0.0
3a356e825dc51d76f22e3fcfee8aabfb	0.0	0.0	0.0	0.0	0.0	0.0	0.0	0.0	0.0	0.0	0.0	0.0	0.0	0.0	0.0	1.0	0.0	0.0	0.0	0.0
e5aab9c3cc0e477c4c801838a32765c4	0.0	0.0	0.0	0.0	0.0	0.0	0.0	0.0	2.0	0.0	0.0	0.0	0.0	0.0	0.0	0.0	0.0	0.0	0.0	0.0
d5e1de70eac8a4f6136479134e11312e	0.0	0.0	11.0	0.0	0.0	0.0	0.0	0.0	0.0	0.0	0.0	0.0	0.0	0.0	0.0	0.0	0.0	0.0	0.0	0.0
d2519989f804500adedd449ac764e955	0.0	0.0	0.0	0.0	0.0	0.0	1.0	0.0	0.0	0.0	0.0	0.0	0.0	0.0	0.0	0.0	0.0	0.0	0.0	0.0
6e1c41bb8efbfafb7a5f7ec67efcbe75	0.0	0.0	0.0	0.0	0.0	0.0	0.0	2.0	0.0	2.0	0.0	0.0	0.0	0.0	0.0	0.0	0.0	0.0	0.0	0.0
28490b6f0807445b92665c15f1c67e24	4.0	47.0	11.0	11.0	14.0	31.0	9.0	12.0	61.0	78.0	52.0	17.0	12.0	17.0	98.0	8.0	9.0	11.0	10.0	16.0
1a9a214f5e84bc1b53455d0bded3d5e4	0.0	0.0	0.0	0.0	0.0	0.0	0.0	0.0	0.0	0.0	0.0	0.0	0.0	0.0	0.0	0.0	0.0	0.0	2.0	0.0
c74536dc82f976f14d76dec765e8cee9	0.0	0.0	0.0	0.0	0.0	0.0	0.0	0.0	0.0	0.0	0.0	0.0	0.0	0.0	0.0	0.0	0.0	0.0	10.0	0.0
e5b3d228e1e0f478f22194c5b72a6253	0.0	0.0	0.0	0.0	0.0	0.0	0.0	0.0	0.0	0.0	0.0	39.0	0.0	1.0	0.0	0.0	1.0	21.0	0.0	0.0
43193a0872e9929bd945b37e3e8aa0fc	0.0	0.0	0.0	0.0	0.0	0.0	1.0	0.0	0.0	0.0	0.0	0.0	0.0	0.0	0.0	0.0	0.0	0.0	0.0	0.0
9a14474638206f2c54645d0f16c2f939	0.0	0.0	0.0	1.0	0.0	0.0	0.0	0.0	0.0	0.0	0.0	0.0	1.0	0.0	0.0	0.0	0.0	5.0	0.0	8.0
bad4f3619db7d0dba6568a93c20c39dc	0.0	0.0	0.0	13.0	0.0	0.0	9.0	0.0	0.0	0.0	0.0	1.0	1.0	0.0	0.0	1.0	0.0	0.0	3.0	0.0
e87650e1b96c57a1c35cd3bdb2a1757a	0.0	0.0	0.0	1.0	0.0	0.0	0.0	0.0	0.0	0.0	0.0	0.0	0.0	0.0	0.0	0.0	0.0	0.0	0.0	0.0
71ba1f40fc43cc2d7fee9282d6d86b40	0.0	0.0	0.0	0.0	0.0	0.0	0.0	0.0	0.0	0.0	0.0	0.0	0.0	0.0	0.0	0.0	0.0	1.0	0.0	0.0
803a4595b10d15336fca1f71caaa08bc	0.0	0.0	0.0	0.0	0.0	0.0	0.0	0.0	0.0	0.0	0.0	0.0	1.0	0.0	0.0	0.0	3.0	0.0	1.0	0.0
da9cac886031849027912dd9a518b3ee	0.0	0.0	0.0	0.0	0.0	0.0	0.0	0.0	0.0	0.0	0.0	0.0	0.0	0.0	0.0	0.0	2.0	0.0	0.0	0.0
3b97ccc8bfaee1b4bfb4053001e84535	9.0	6.0	11.0	8.0	4.0	0.0	0.0	6.0	5.0	22.0	0.0	2.0	1.0	0.0	4.0	5.0	0.0	3.0	5.0	13.0
8eb89216f1ea8b2ecce276601c2a7bd2	0.0	0.0	0.0	0.0	0.0	0.0	0.0	2.0	1.0	0.0	0.0	0.0	0.0	0.0	0.0	0.0	1.0	1.0	1.0	2.0
96b5eedb8ea0556fa92328295a8608b9	0.0	0.0	0.0	0.0	0.0	0.0	2.0	0.0	0.0	0.0	0.0	0.0	0.0	0.0	0.0	0.0	0.0	0.0	0.0	0.0
3b91f3f853208fbb2227f5736c7f82bb	21.0	5.0	1.0	4.0	6.0	7.0	44.0	16.0	5.0	3.0	4.0	15.0	49.0	3.0	17.0	10.0	7.0	16.0	21.0	4.0
9d94c39df9a8c27e9d6fb303944e43da	1.0	0.0	0.0	0.0	0.0	0.0	0.0	0.0	0.0	0.0	0.0	0.0	0.0	0.0	0.0	3.0	0.0	0.0	0.0	0.0
892338e729bf4b1d41f57b36dcf6425f	0.0	0.0	0.0	0.0	2.0	0.0	0.0	0.0	0.0	0.0	0.0	0.0	0.0	0.0	0.0	0.0	3.0	0.0	8.0	0.0
5bcbfc2bdbdc4bcdf09c1983000ce9c2	0.0	0.0	0.0	0.0	0.0	0.0	0.0	0.0	0.0	1.0	0.0	0.0	0.0	0.0	0.0	0.0	0.0	0.0	0.0	0.0
b8115906caa99f5bb8340efc40df63a1	0.0	0.0	0.0	0.0	0.0	0.0	0.0	0.0	0.0	0.0	0.0	0.0	0.0	2.0	0.0	0.0	0.0	0.0	0.0	0.0
640224e495290c22f43e7b8270c01feb	0.0	0.0	0.0	0.0	0.0	0.0	0.0	0.0	0.0	0.0	0.0	0.0	0.0	8.0	0.0	0.0	0.0	0.0	0.0	0.0
0d8b5acb42031a8a5b46d90faf1a374b	1.0	0.0	0.0	7.0	1.0	30.0	0.0	0.0	0.0	0.0	0.0	0.0	4.0	0.0	19.0	21.0	0.0	3.0	1.0	0.0
c3c1caf1f8e87288a2d497b66a191c8b	0.0	0.0	0.0	11.0	0.0	0.0	1.0	0.0	4.0	0.0	0.0	0.0	2.0	1.0	0.0	0.0	0.0	0.0	0.0	0.0
f73e70475d7245efda38dc69c4da5493	0.0	0.0	0.0	2.0	1.0	0.0	0.0	0.0	0.0	0.0	0.0	0.0	0.0	0.0	0.0	1.0	0.0	0.0	0.0	0.0
5f965fe1ccb64e610f83ea419e031761	0.0	0.0	0.0	0.0	0.0	0.0	0.0	0.0	0.0	3.0	0.0	0.0	0.0	0.0	0.0	0.0	0.0	0.0	0.0	0.0
9399cf2fe975c7fec4abf73f704b1d0d	0.0	0.0	0.0	0.0	0.0	0.0	0.0	0.0	0.0	0.0	0.0	0.0	0.0	0.0	0.0	0.0	0.0	0.0	1.0	0.0
7934d1d0fed224107585a291beb50afe	0.0	0.0	0.0	0.0	0.0	0.0	0.0	0.0	0.0	0.0	0.0	2.0	0.0	152.0	0.0	0.0	0.0	1.0	0.0	0.0
8fdac23d4175c624356ef7e09c325d5c	0.0	0.0	0.0	0.0	0.0	0.0	0.0	0.0	0.0	0.0	0.0	0.0	0.0	0.0	0.0	0.0	3.0	0.0	0.0	0.0
c6f006c69978987861ed7501b1e97ecb	4.0	6.0	5.0	9.0	4.0	1.0	0.0	10.0	11.0	24.0	15.0	18.0	1.0	30.0	0.0	5.0	12.0	3.0	8.0	49.0
23e7080faf4738d3060f98cd242cc63b	0.0	0.0	0.0	0.0	0.0	0.0	0.0	0.0	0.0	0.0	0.0	0.0	0.0	2.0	0.0	0.0	0.0	0.0	0.0	0.0
5c3edab9eb20f936f579f77101a33f20	7.0	0.0	0.0	16.0	0.0	0.0	2.0	0.0	0.0	8.0	0.0	1.0	8.0	49.0	10.0	3.0	0.0	8.0	0.0	6.0
d7df76d839444fa32e62da38b979446c	0.0	0.0	0.0	0.0	0.0	0.0	2.0	0.0	0.0	0.0	0.0	0.0	0.0	0.0	0.0	0.0	0.0	0.0	0.0	0.0
be41b4701d00001fd4701dbf5592d212	0.0	0.0	0.0	0.0	0.0	0.0	0.0	0.0	0.0	0.0	0.0	1.0	0.0	0.0	0.0	0.0	0.0	0.0	0.0	0.0
916b74603aa77f55c94cc0b73fbf92f8	0.0	0.0	0.0	0.0	0.0	0.0	1.0	0.0	0.0	0.0	0.0	0.0	0.0	0.0	0.0	0.0	0.0	0.0	0.0	0.0
6a94894605ef0cb4f7a246286a341cb6	0.0	0.0	0.0	1.0	0.0	1.0	1.0	0.0	0.0	0.0	0.0	0.0	0.0	0.0	0.0	0.0	0.0	0.0	1.0	1.0
89cbfc3ada0104eaebb4281371e07e58	0.0	0.0	0.0	0.0	0.0	0.0	2.0	0.0	0.0	0.0	0.0	0.0	0.0	0.0	0.0	0.0	0.0	0.0	14.0	0.0
fb4111066542abd7ebccfd5a30a6e16b	0.0	0.0	0.0	0.0	0.0	0.0	0.0	0.0	1.0	0.0	0.0	0.0	0.0	0.0	0.0	0.0	0.0	0.0	0.0	0.0
fa034fb05e3a2ae05594d7c3583f2d29	4.0	0.0	0.0	0.0	0.0	0.0	0.0	0.0	0.0	0.0	0.0	0.0	0.0	0.0	0.0	0.0	0.0	1.0	3.0	0.0
4f2615051d99b3d9c6e9263340e4c0a3	0.0	0.0	0.0	0.0	0.0	0.0	5.0	0.0	0.0	0.0	0.0	0.0	0.0	0.0	0.0	0.0	0.0	0.0	0.0	0.0
a2e91dd9844494bf7de11cc03ee4d997	0.0	0.0	0.0	0.0	0.0	0.0	0.0	0.0	0.0	0.0	2.0	0.0	0.0	0.0	0.0	0.0	0.0	0.0	0.0	0.0
942e65880c15822f7cb089ff98afbb93	0.0	0.0	0.0	0.0	0.0	0.0	1.0	0.0	0.0	0.0	0.0	0.0	0.0	0.0	0.0	0.0	0.0	0.0	0.0	0.0
184a145f2ed6de9a2a64ee72912b4a4f	0.0	2.0	0.0	0.0	0.0	0.0	1.0	0.0	0.0	0.0	0.0	0.0	0.0	0.0	0.0	0.0	1.0	0.0	4.0	0.0
6b90efd40f485b957725734facbe7b5f	0.0	0.0	0.0	0.0	0.0	0.0	7.0	0.0	0.0	0.0	0.0	0.0	0.0	0.0	0.0	0.0	0.0	0.0	0.0	0.0
1cf25b673a405d42cf94306b0ac90508	0.0	0.0	0.0	0.0	0.0	0.0	35.0	0.0	0.0	0.0	0.0	0.0	0.0	0.0	0.0	1.0	0.0	0.0	0.0	0.0
117bbe11148096c5786abd412cd6d53d	0.0	0.0	0.0	0.0	0.0	0.0	1.0	0.0	0.0	0.0	0.0	0.0	0.0	0.0	0.0	0.0	0.0	0.0	0.0	0.0
e64b0cb3b15299ebac676aee3bc0c3de	0.0	0.0	0.0	0.0	0.0	0.0	0.0	0.0	0.0	0.0	0.0	4.0	0.0	0.0	0.0	0.0	0.0	0.0	0.0	0.0
4f8c6348a617183614079986ca8b83fc	0.0	0.0	0.0	1.0	0.0	0.0	1.0	0.0	2.0	0.0	0.0	0.0	0.0	1.0	0.0	0.0	0.0	0.0	0.0	0.0
832890048e0b5b0c867d1e23b66c6e34	5.0	4.0	0.0	1.0	0.0	0.0	0.0	0.0	0.0	5.0	0.0	0.0	0.0	0.0	0.0	4.0	0.0	1.0	0.0	0.0
d6554c776ff2f5b66a5bc34967efac90	0.0	0.0	0.0	0.0	0.0	0.0	0.0	0.0	11.0	0.0	0.0	5.0	0.0	0.0	0.0	6.0	0.0	2.0	0.0	0.0
2ef01444fbc5a395a9e650c42800c048	1.0	0.0	0.0	0.0	0.0	0.0	0.0	0.0	0.0	0.0	0.0	0.0	0.0	0.0	0.0	0.0	0.0	0.0	0.0	0.0
0d8eb67a73adb6a927af72d0fc48d80d	0.0	0.0	0.0	0.0	0.0	0.0	0.0	0.0	0.0	0.0	0.0	0.0	0.0	0.0	0.0	0.0	1.0	0.0	0.0	0.0
4e749a00a67af377796583fece29ffc8	0.0	1.0	0.0	0.0	0.0	0.0	0.0	0.0	0.0	0.0	0.0	0.0	0.0	0.0	0.0	0.0	0.0	0.0	0.0	0.0
4b1baf300ccc8cb5fa1ad9b2f56be6ec	0.0	0.0	0.0	0.0	0.0	0.0	0.0	4.0	0.0	0.0	0.0	0.0	0.0	0.0	0.0	0.0	0.0	0.0	0.0	0.0
f0ee652dac76c3046deb3ea6070dc592	43.0	37.0	35.0	46.0	33.0	40.0	18.0	36.0	79.0	94.0	31.0	19.0	1.0	1.0	0.0	58.0	30.0	28.0	38.0	41.0
8c7fb61927175efcb29f8a4f93f2d2f7	0.0	0.0	0.0	0.0	0.0	0.0	0.0	0.0	0.0	0.0	0.0	0.0	0.0	0.0	0.0	0.0	2.0	0.0	0.0	0.0
ea4491e94c062814cfcd2cdf42870ad8	0.0	0.0	0.0	0.0	1.0	0.0	0.0	0.0	0.0	0.0	0.0	0.0	0.0	0.0	0.0	0.0	0.0	0.0	0.0	0.0
6a3984d11960392c9a1e95046cd663e7	0.0	0.0	0.0	0.0	0.0	0.0	0.0	0.0	0.0	0.0	0.0	0.0	0.0	2.0	0.0	0.0	0.0	0.0	0.0	0.0
34e8294334b81aec9a78e73894284692	1.0	0.0	0.0	0.0	3.0	0.0	0.0	0.0	0.0	0.0	0.0	0.0	0.0	0.0	0.0	0.0	0.0	6.0	0.0	0.0
35400360e85ebbf83196f959e22b1a07	12.0	6.0	0.0	4.0	2.0	0.0	0.0	8.0	0.0	1.0	3.0	0.0	0.0	0.0	0.0	5.0	9.0	0.0	9.0	0.0
038ba072e70c14a8553d379168186878	1.0	0.0	0.0	0.0	0.0	0.0	0.0	2.0	0.0	0.0	0.0	1.0	0.0	0.0	0.0	0.0	0.0	0.0	0.0	0.0
4fe6dc5b696ae62a2bd34c2fc56555c5	0.0	0.0	0.0	0.0	0.0	0.0	0.0	1.0	0.0	0.0	0.0	0.0	0.0	0.0	0.0	0.0	0.0	0.0	0.0	0.0
98bb76ba66bfb94420982d1b0f27834f	0.0	0.0	0.0	0.0	0.0	0.0	0.0	0.0	0.0	0.0	0.0	0.0	0.0	0.0	0.0	0.0	0.0	0.0	1.0	0.0
08c66b06a53870666a19d451679259fc	3.0	0.0	0.0	0.0	0.0	0.0	1.0	0.0	0.0	0.0	0.0	0.0	0.0	0.0	0.0	0.0	0.0	0.0	0.0	0.0
c5c2c9487a87c969807b0bfc726d986a	0.0	0.0	1.0	1.0	0.0	0.0	0.0	0.0	0.0	0.0	0.0	0.0	0.0	0.0	0.0	0.0	0.0	0.0	0.0	1.0
5ae900f57ca39296d021d9903d30bdaa	0.0	0.0	0.0	0.0	0.0	0.0	0.0	0.0	0.0	0.0	0.0	0.0	0.0	1.0	0.0	0.0	0.0	0.0	0.0	0.0
866989308cedb8caea176f64a70961e4	0.0	0.0	0.0	8.0	5.0	0.0	2.0	0.0	0.0	0.0	0.0	0.0	0.0	0.0	0.0	2.0	1.0	13.0	16.0	0.0
cb586d692f26f75061b69179b3f09a66	0.0	0.0	0.0	0.0	0.0	0.0	0.0	0.0	0.0	0.0	0.0	0.0	0.0	0.0	0.0	0.0	0.0	0.0	0.0	1.0
0ba973d68752c4052546d1a4d0091ea9	0.0	0.0	0.0	0.0	0.0	0.0	3.0	0.0	0.0	0.0	0.0	0.0	0.0	0.0	0.0	0.0	0.0	0.0	0.0	0.0
f4109b3f9e1e09dfc9c8127da109f6c9	0.0	0.0	0.0	0.0	0.0	0.0	0.0	0.0	0.0	0.0	0.0	0.0	0.0	0.0	0.0	0.0	2.0	0.0	0.0	0.0
72e1da99481c53dcb49aca3edb13e9d6	0.0	0.0	0.0	1.0	0.0	0.0	0.0	0.0	0.0	0.0	0.0	1.0	0.0	0.0	0.0	0.0	0.0	0.0	0.0	0.0
aba4da7373b0cf42327f5bea20e2914e	5.0	0.0	0.0	1.0	0.0	0.0	0.0	0.0	0.0	1.0	0.0	0.0	0.0	0.0	0.0	0.0	0.0	0.0	0.0	0.0
3bc6c073cb848209a1655047dc701b5a	0.0	0.0	0.0	0.0	0.0	0.0	0.0	0.0	1.0	0.0	0.0	0.0	0.0	0.0	0.0	0.0	0.0	0.0	0.0	0.0
939533b27816a842329738d219577a49	0.0	0.0	0.0	0.0	0.0	0.0	1.0	0.0	0.0	0.0	0.0	0.0	0.0	0.0	0.0	0.0	0.0	0.0	0.0	0.0
b4e526cb58532e9b989a5a02c98a9fcf	2.0	0.0	0.0	31.0	9.0	1.0	4.0	8.0	6.0	6.0	0.0	79.0	4.0	146.0	3.0	0.0	0.0	15.0	6.0	28.0
f6c77ec34cf87c404a48f10e17ebeff5	0.0	0.0	0.0	0.0	0.0	0.0	1.0	0.0	0.0	0.0	0.0	0.0	0.0	0.0	0.0	0.0	0.0	0.0	0.0	0.0
3512eb609918d44ff7648d93df37c4af	5.0	0.0	0.0	0.0	0.0	0.0	3.0	0.0	0.0	0.0	0.0	0.0	0.0	0.0	0.0	0.0	0.0	0.0	0.0	0.0
8ab8184bd67ccc58c87021ebd7a6b643	0.0	0.0	0.0	1.0	1.0	1.0	0.0	0.0	1.0	0.0	0.0	0.0	0.0	1.0	2.0	0.0	2.0	0.0	0.0	0.0
a5f65f76a47e7c88fc0cb8c14cd25a20	0.0	0.0	0.0	0.0	0.0	0.0	0.0	0.0	0.0	0.0	0.0	0.0	0.0	1.0	0.0	0.0	0.0	0.0	0.0	0.0
a8a2d6e0b0906e124b5a721dcfaff968	0.0	0.0	0.0	3.0	0.0	0.0	0.0	0.0	0.0	0.0	0.0	0.0	0.0	0.0	0.0	0.0	1.0	0.0	0.0	0.0
6a079eb674acdb09a1ae443c0070bdb5	0.0	0.0	0.0	0.0	0.0	0.0	0.0	0.0	1.0	0.0	0.0	0.0	0.0	0.0	0.0	0.0	0.0	0.0	0.0	0.0
cebfc6d34a02c936e19f0e992562c525	0.0	0.0	0.0	0.0	0.0	0.0	1.0	0.0	0.0	0.0	0.0	0.0	0.0	0.0	0.0	0.0	0.0	0.0	0.0	0.0
d06ddd989a5e8a6e4be92582dc107ad2	0.0	0.0	0.0	0.0	0.0	0.0	0.0	0.0	0.0	0.0	0.0	0.0	0.0	0.0	0.0	0.0	0.0	0.0	1.0	0.0
2207a019d68ffc1bca7ca1193765955a	0.0	0.0	0.0	1.0	0.0	0.0	14.0	0.0	7.0	0.0	0.0	0.0	0.0	2.0	0.0	0.0	0.0	0.0	0.0	0.0
7a65dcd6d23b0efe3c4da7ffadd33487	7.0	12.0	8.0	12.0	37.0	24.0	10.0	18.0	4.0	27.0	13.0	9.0	9.0	38.0	9.0	18.0	69.0	11.0	14.0	32.0
265a8594ddf114e6fa8230c4c4f8a22c	0.0	0.0	0.0	0.0	0.0	0.0	0.0	0.0	0.0	1.0	0.0	0.0	0.0	0.0	0.0	0.0	0.0	0.0	0.0	0.0
4c9bf6a4353b5f6dce1398164ba12504	0.0	0.0	0.0	0.0	0.0	0.0	0.0	0.0	0.0	0.0	0.0	0.0	0.0	0.0	0.0	0.0	0.0	0.0	0.0	1.0
78ab423f7d4bcc627940be47ebaf3ea1	0.0	0.0	0.0	0.0	0.0	0.0	1.0	0.0	2.0	0.0	0.0	0.0	0.0	0.0	0.0	0.0	0.0	0.0	0.0	0.0
692d79d5416314c4ae89a04f14736249	0.0	0.0	0.0	50.0	4.0	0.0	11.0	0.0	0.0	32.0	0.0	2.0	0.0	0.0	0.0	4.0	0.0	1.0	79.0	3.0
319891f0db18c9c7bd4bd00105cf10ef	0.0	0.0	0.0	0.0	0.0	0.0	0.0	0.0	0.0	0.0	0.0	0.0	0.0	1.0	0.0	0.0	0.0	0.0	0.0	0.0
aa8b8dc74bd290616344c8041184de2f	0.0	0.0	0.0	0.0	0.0	0.0	1.0	0.0	0.0	0.0	0.0	0.0	0.0	0.0	0.0	0.0	0.0	0.0	0.0	0.0
aa7e32f2c7d8b03c0662c247c1db4ac1	0.0	0.0	0.0	2.0	0.0	0.0	0.0	0.0	0.0	0.0	0.0	0.0	0.0	0.0	0.0	0.0	0.0	0.0	0.0	0.0
99a2f14a52ebf17f112cbcfe41cc8748	17.0	89.0	36.0	154.0	35.0	44.0	145.0	87.0	141.0	45.0	129.0	111.0	409.0	31.0	400.0	58.0	46.0	36.0	60.0	111.0
f8bea97c8b155d47c4168d1884e999e0	0.0	0.0	0.0	0.0	0.0	0.0	0.0	0.0	0.0	0.0	0.0	0.0	0.0	0.0	0.0	0.0	0.0	0.0	0.0	2.0
1d05eee8fddb084f580a0fa07b5cc0e0	0.0	0.0	0.0	0.0	0.0	0.0	1.0	0.0	0.0	0.0	0.0	0.0	0.0	0.0	0.0	0.0	0.0	0.0	0.0	0.0
e7ef005a82b035944aa4cc0a5f806fed	1.0	0.0	0.0	0.0	0.0	0.0	0.0	3.0	2.0	0.0	0.0	0.0	0.0	0.0	0.0	0.0	0.0	0.0	0.0	0.0
1a682de0dbd3bcd9d4774d4028648bbc	0.0	0.0	0.0	0.0	0.0	0.0	1.0	0.0	0.0	0.0	0.0	0.0	0.0	0.0	0.0	0.0	0.0	0.0	0.0	0.0
0344fcb38c45f433d10eefc3db03a576	0.0	0.0	0.0	1.0	0.0	0.0	0.0	0.0	0.0	0.0	0.0	0.0	0.0	0.0	0.0	0.0	0.0	0.0	0.0	0.0
1ad1a7cf979e1a962dc1500b69a68313	0.0	0.0	0.0	1.0	0.0	0.0	0.0	0.0	0.0	0.0	0.0	0.0	0.0	0.0	0.0	0.0	0.0	0.0	0.0	0.0
9acdc08429ca0e22a04d17dde74c6518	0.0	0.0	0.0	0.0	0.0	1.0	0.0	0.0	0.0	0.0	0.0	0.0	0.0	0.0	0.0	0.0	0.0	0.0	0.0	0.0
3f2b54c4d78334a9bc4de6dcc0bbfb7a	0.0	0.0	0.0	0.0	1.0	0.0	0.0	0.0	0.0	0.0	0.0	0.0	0.0	0.0	0.0	0.0	0.0	0.0	0.0	0.0
ded00e240facfac4a1afc55bc03b2a46	0.0	0.0	0.0	0.0	0.0	0.0	1.0	0.0	0.0	0.0	0.0	0.0	0.0	0.0	0.0	0.0	0.0	0.0	0.0	0.0
c6691a4f64501a6eea7340e9e856b77c	0.0	1.0	0.0	0.0	0.0	0.0	0.0	0.0	0.0	0.0	0.0	0.0	0.0	0.0	0.0	0.0	0.0	0.0	0.0	0.0
847f73286f086d05233731f6d30a3710	0.0	0.0	0.0	0.0	0.0	0.0	0.0	0.0	0.0	0.0	0.0	0.0	0.0	0.0	0.0	3.0	0.0	0.0	0.0	0.0
2009d448f09c0a0f95cb7240ac685471	0.0	0.0	0.0	0.0	0.0	0.0	1.0	0.0	0.0	0.0	0.0	0.0	0.0	0.0	0.0	0.0	0.0	0.0	0.0	0.0
883c6637ac47bda9079eab45123b99df	0.0	0.0	0.0	0.0	0.0	0.0	0.0	0.0	0.0	0.0	0.0	0.0	0.0	1.0	0.0	0.0	0.0	0.0	0.0	0.0
8f889d79ea25ec58fa0b74cda902a3c3	0.0	0.0	0.0	0.0	3.0	0.0	0.0	0.0	0.0	0.0	0.0	0.0	0.0	0.0	0.0	0.0	0.0	0.0	0.0	0.0
6044caca15ac07a9251f89d39915e301	0.0	0.0	0.0	0.0	0.0	0.0	0.0	0.0	0.0	0.0	3.0	0.0	0.0	0.0	0.0	0.0	0.0	0.0	0.0	0.0
ff8571a3ec359b72cc51f3cdd9ecc72d	0.0	0.0	0.0	0.0	0.0	0.0	0.0	0.0	0.0	0.0	0.0	0.0	0.0	3.0	0.0	0.0	0.0	0.0	0.0	0.0
1e5a564b3d69dbfffc25bc8817bb383d	0.0	0.0	0.0	0.0	0.0	0.0	2.0	2.0	2.0	0.0	0.0	2.0	1.0	0.0	1.0	0.0	0.0	0.0	0.0	0.0
e4f8ec109b3315f708c52339d43d0469	0.0	0.0	0.0	0.0	0.0	0.0	0.0	0.0	1.0	0.0	0.0	0.0	0.0	0.0	0.0	0.0	0.0	0.0	0.0	0.0
d4e4e2361fca2193f369482de3b9e624	0.0	0.0	0.0	1.0	3.0	0.0	24.0	0.0	0.0	2.0	0.0	0.0	31.0	0.0	0.0	6.0	4.0	10.0	3.0	0.0
7935ffd779f14f735313380c3c08532d	0.0	0.0	0.0	1.0	0.0	0.0	1.0	0.0	0.0	0.0	0.0	0.0	0.0	0.0	0.0	0.0	0.0	0.0	0.0	0.0
745b2ca043246c7391c4f9a7f30cb1e2	0.0	0.0	0.0	0.0	0.0	0.0	0.0	0.0	0.0	0.0	0.0	0.0	0.0	1.0	0.0	0.0	0.0	0.0	0.0	0.0
276e6cb43309484150e6d6429f87ce10	6.0	0.0	0.0	0.0	0.0	0.0	5.0	0.0	0.0	0.0	0.0	0.0	3.0	2.0	1.0	0.0	0.0	0.0	0.0	0.0
26f39876a4d73983eb41f7a33c6e3b5f	0.0	0.0	0.0	5.0	0.0	0.0	0.0	0.0	0.0	0.0	0.0	0.0	0.0	0.0	0.0	0.0	0.0	0.0	0.0	0.0
e2c0174f206290e3431658193b72a323	0.0	0.0	0.0	4.0	0.0	0.0	59.0	0.0	0.0	0.0	0.0	0.0	2.0	1.0	0.0	0.0	0.0	0.0	1.0	0.0
ad9d0ba01d910be24527867e5aae6134	0.0	0.0	0.0	0.0	0.0	0.0	0.0	0.0	0.0	0.0	0.0	0.0	0.0	0.0	0.0	0.0	2.0	0.0	0.0	0.0
131fbb8932c5d40478f5d02c7199b18b	42.0	31.0	35.0	26.0	62.0	13.0	20.0	47.0	43.0	99.0	31.0	27.0	3.0	0.0	0.0	56.0	34.0	11.0	33.0	3.0
fee8295c632f06842eacb1aaac8fed79	0.0	0.0	0.0	0.0	0.0	0.0	0.0	0.0	0.0	0.0	0.0	0.0	0.0	5.0	0.0	0.0	0.0	0.0	0.0	0.0
a9d4f0be66866464d63745c9192a2737	0.0	0.0	0.0	0.0	0.0	0.0	2.0	0.0	0.0	0.0	0.0	0.0	0.0	0.0	0.0	0.0	0.0	0.0	0.0	0.0
b01a44fe319c54563f7ce48d3aa74f85	0.0	0.0	0.0	0.0	0.0	0.0	0.0	0.0	0.0	0.0	0.0	0.0	0.0	0.0	0.0	1.0	0.0	0.0	0.0	0.0
1b942703636d8052f9eec1d4d5926175	5.0	0.0	0.0	0.0	0.0	2.0	0.0	1.0	0.0	0.0	0.0	0.0	0.0	0.0	0.0	0.0	0.0	0.0	0.0	0.0
ccd3f60582c8924c365d0a83de4a613a	1.0	0.0	0.0	0.0	0.0	0.0	0.0	0.0	0.0	0.0	0.0	0.0	0.0	0.0	0.0	0.0	0.0	0.0	0.0	0.0
843fc5e1e177172a20d403ce415137c5	0.0	0.0	0.0	0.0	0.0	0.0	3.0	0.0	0.0	0.0	0.0	0.0	0.0	0.0	0.0	0.0	0.0	0.0	0.0	0.0
24beca8f434abf53de5ae50b6a505e99	0.0	0.0	0.0	0.0	0.0	0.0	0.0	0.0	0.0	0.0	0.0	0.0	0.0	0.0	2.0	0.0	0.0	0.0	0.0	0.0
648b53ca2a9db046b9da5b09dfb045ff	0.0	0.0	0.0	0.0	0.0	0.0	6.0	0.0	0.0	0.0	0.0	0.0	0.0	0.0	0.0	0.0	0.0	0.0	0.0	0.0
adadaf4a36ba9a9718e0668298797fa2	42.0	34.0	51.0	22.0	31.0	33.0	0.0	38.0	37.0	64.0	4.0	26.0	5.0	0.0	0.0	57.0	14.0	15.0	3.0	1.0
9caddb3f6b00cd4a808ff3f6f5622a1c	1.0	0.0	0.0	1.0	17.0	0.0	0.0	0.0	1.0	6.0	22.0	1.0	0.0	0.0	0.0	0.0	1.0	0.0	5.0	0.0
2a0578cf386c35d67802a3c6990249e1	198.0	205.0	112.0	81.0	195.0	283.0	113.0	170.0	176.0	46.0	226.0	147.0	67.0	0.0	3.0	150.0	258.0	95.0	135.0	177.0
b971d9f1bcbee21de4219a5cea16e14c	0.0	0.0	0.0	3.0	0.0	0.0	2.0	0.0	0.0	0.0	0.0	0.0	7.0	0.0	0.0	0.0	0.0	0.0	0.0	0.0
9c0186712b88943900405f443ef867e7	0.0	1.0	0.0	0.0	0.0	0.0	0.0	0.0	0.0	0.0	0.0	0.0	0.0	0.0	0.0	0.0	0.0	0.0	0.0	0.0
d28fe9320c739ef01da9c0d30d7841c9	0.0	0.0	0.0	1.0	0.0	0.0	0.0	0.0	0.0	0.0	0.0	0.0	0.0	0.0	0.0	0.0	0.0	0.0	0.0	0.0
71021e584c81befc4f7ee4d2c41a03fd	0.0	0.0	11.0	10.0	5.0	0.0	0.0	2.0	0.0	0.0	0.0	0.0	0.0	1.0	0.0	0.0	7.0	0.0	10.0	0.0
ed681bad80561b2db4a89667097d7d06	0.0	0.0	0.0	0.0	0.0	0.0	1.0	0.0	0.0	0.0	0.0	0.0	0.0	0.0	0.0	0.0	0.0	0.0	0.0	0.0
9b4583678bef68d296d82e51a9408e8d	0.0	0.0	0.0	0.0	0.0	0.0	0.0	0.0	0.0	0.0	0.0	0.0	0.0	0.0	0.0	0.0	1.0	0.0	0.0	0.0
1019c43d2f94356a5f3dca52c7dea8da	0.0	0.0	0.0	2.0	0.0	0.0	0.0	0.0	0.0	0.0	2.0	0.0	0.0	0.0	0.0	0.0	0.0	0.0	0.0	0.0
df0f1e4d3d1d3a838da71a877f42e674	0.0	0.0	0.0	0.0	0.0	0.0	0.0	0.0	0.0	0.0	0.0	4.0	0.0	0.0	0.0	0.0	0.0	0.0	0.0	0.0
e0ff1281cfbdbd439bba9c7595799903	0.0	1.0	0.0	0.0	0.0	0.0	0.0	0.0	0.0	0.0	0.0	0.0	0.0	0.0	0.0	0.0	0.0	0.0	0.0	0.0
527aba48dd6a2b2ff012d58e6bbd6025	0.0	0.0	0.0	1.0	0.0	0.0	0.0	0.0	0.0	0.0	0.0	0.0	0.0	0.0	0.0	0.0	0.0	0.0	0.0	0.0
a502384df60725d8e729518a372b9ca8	0.0	0.0	0.0	0.0	0.0	0.0	0.0	0.0	0.0	0.0	0.0	0.0	0.0	0.0	0.0	0.0	0.0	0.0	0.0	1.0
5ebbe43bfb488c179a5069b37f7acb5c	0.0	0.0	0.0	0.0	0.0	0.0	0.0	0.0	0.0	0.0	0.0	0.0	0.0	0.0	1.0	0.0	0.0	0.0	0.0	0.0
cc55a987674f40021c534d182b1bcc17	0.0	0.0	0.0	2.0	0.0	0.0	0.0	0.0	0.0	3.0	0.0	0.0	4.0	2.0	0.0	0.0	0.0	1.0	0.0	0.0
29d3a657e7d2511ef3536cd296eee46b	0.0	0.0	0.0	0.0	0.0	0.0	3.0	0.0	0.0	0.0	0.0	0.0	0.0	0.0	0.0	0.0	0.0	0.0	0.0	0.0
4f6ed50cedb83ca007538d6c3da4218c	0.0	0.0	0.0	0.0	0.0	0.0	7.0	0.0	1.0	0.0	0.0	2.0	11.0	0.0	56.0	0.0	0.0	1.0	0.0	1.0
86e22307bbfdd83f9b252ebcfaaf92e0	0.0	0.0	0.0	0.0	1.0	0.0	0.0	0.0	0.0	2.0	0.0	0.0	0.0	0.0	0.0	0.0	0.0	0.0	0.0	0.0
8c933e500beff64a0863ba6aa56180cf	0.0	0.0	0.0	0.0	0.0	0.0	0.0	0.0	1.0	0.0	0.0	0.0	0.0	1.0	0.0	0.0	0.0	0.0	0.0	0.0
a64b862b28aa9d0e6b95845554acffd9	0.0	0.0	0.0	0.0	0.0	0.0	0.0	0.0	0.0	0.0	0.0	0.0	0.0	3.0	0.0	0.0	0.0	0.0	0.0	0.0
6f63b126511491df12ae863284df3ad9	0.0	3.0	0.0	0.0	0.0	0.0	0.0	0.0	0.0	0.0	0.0	0.0	9.0	42.0	0.0	0.0	0.0	0.0	0.0	0.0
8bcdaa537386f28cff60385fca6c8576	1.0	0.0	0.0	0.0	0.0	0.0	0.0	0.0	0.0	0.0	0.0	0.0	0.0	0.0	0.0	0.0	0.0	0.0	0.0	0.0
57e7ef5dcc918212178745b9bfe894b4	0.0	0.0	0.0	0.0	0.0	0.0	0.0	0.0	1.0	0.0	0.0	0.0	0.0	0.0	0.0	0.0	0.0	0.0	0.0	0.0
c53aa14a300ef5bbebd050fe99d8bc57	0.0	0.0	0.0	0.0	0.0	0.0	2.0	0.0	0.0	0.0	0.0	0.0	0.0	0.0	0.0	0.0	0.0	0.0	0.0	0.0
c9250287902982eeec2410c12b098012	0.0	0.0	0.0	0.0	0.0	0.0	0.0	0.0	0.0	1.0	0.0	0.0	0.0	0.0	0.0	0.0	0.0	0.0	0.0	0.0
e2a7ec531dd136e35823290a164c1aae	0.0	0.0	0.0	0.0	1.0	0.0	0.0	0.0	0.0	0.0	0.0	0.0	0.0	0.0	0.0	0.0	0.0	0.0	0.0	0.0
2beca85014b8d9fece7deabc209763ac	0.0	0.0	0.0	0.0	0.0	0.0	1.0	0.0	0.0	0.0	0.0	0.0	0.0	0.0	0.0	0.0	0.0	0.0	0.0	0.0
9fadaa31bfde8be8063e2e413609bbd0	1.0	36.0	1.0	0.0	0.0	58.0	0.0	28.0	0.0	0.0	54.0	22.0	0.0	0.0	4.0	2.0	61.0	2.0	15.0	3.0
703013e4807093bfc4136a175ed98f72	0.0	0.0	0.0	1.0	0.0	0.0	0.0	0.0	0.0	0.0	0.0	0.0	0.0	0.0	0.0	0.0	0.0	0.0	0.0	0.0
9d242fba43d131e302cc608144d18c85	0.0	1.0	1.0	0.0	0.0	0.0	0.0	0.0	0.0	0.0	0.0	0.0	1.0	3.0	0.0	0.0	1.0	0.0	0.0	0.0
e7b8b652c49ea48523b9dc5f52e28f8d	0.0	0.0	0.0	0.0	0.0	0.0	0.0	0.0	1.0	0.0	0.0	0.0	0.0	0.0	0.0	0.0	0.0	0.0	0.0	0.0
1b65ecee26339112a934db401519b164	0.0	1.0	0.0	0.0	1.0	0.0	0.0	0.0	0.0	0.0	0.0	0.0	0.0	0.0	0.0	0.0	0.0	0.0	0.0	0.0