Eigvals	8
0.1666037154809528	0.02316401845014988	0.006807470227050788	0.002679426696122452	0.0023060620974162793	0.001364514534961195	0.0003192882234317107	0.0

Proportion explained	8
0.8197206763158892	0.11397119695281603	0.03349399551150058	0.01318326819509286	0.011346246250652343	0.006713660461966878	0.0015709563120821454	0.0

Species	0	0

Site	8	8
E2_T3_y2014_seqrunA	-0.0538649939371268	0.037293412169490836	-0.03294471496397017	-0.023587395767054105	0.027768455833014953	0.011091168764733638	0.0013769414385294688	-0.0
E5_T3_y2014_seqrunA	0.002847866833466328	0.04333959326141578	-0.047571978497838556	0.030141897187826207	-0.010238059660713755	-0.0017726325449728816	-0.004880039921231033	-0.0
E7_T3_y2014_seqrunA	-0.26817058306446334	0.021473256682440836	0.017980453055904	-0.017302068907260063	-0.02202909487396282	-0.003716024003645106	-0.0037338091283419255	-0.0
E9_T3_y2014_seqrunA	-0.17059942685096346	-0.08770143806450557	0.009691845095510227	0.022146020233739183	0.015404391006418522	-0.0003386682278340925	0.004674537380748121	-0.0
F10_T3_y2014_seqrunA	0.1494645138628536	-0.05248436245894536	0.005526229468860518	-0.011391782100286492	0.009344553677374964	-0.016460537972905812	-0.010305740955399056	-0.0
F2_T3_y2014_seqrunA	0.13099845158372536	-0.03520919600895701	-0.02221049419158695	-0.013547796832955468	-0.020905334663447298	-0.005832941359258999	0.010766716705465949	-0.0
F3_T3_y2014_seqrunA	0.12982159568551668	-0.013666374392120827	0.027663916508668618	0.0036302492022627524	-0.00923834656910319	0.028192952726601148	-0.003038704984328203	-0.0
F4_T3_y2014_seqrunA	0.07950257588699156	0.08695510881118129	0.041864743524452554	0.009910876983727944	0.009893435250418652	-0.011163317382717775	0.005140099464556273	-0.0

Biplot	0	0

Site constraints	0	0
