Eigvals	13
0.08241987620475695	0.0603456594519532	0.025639392015236167	0.009230853781858	0.006956485519813259	0.0024312256990836516	0.0015389695195862077	0.0006377836205597575	0.00022359429443610454	0.0	0.0	0.0	0.0

Proportion explained	13
0.43510825331213376	0.31857478666769423	0.13535462062597228	0.048731214490372245	0.0367244456446102	0.012834845380109953	0.00812447640547561	0.0033669659542248658	0.0011803915194067876	0.0	0.0	0.0	0.0

Species	0	0

Site	13	13
e11_t1_y2017_seqrunB	0.027418391525622084	0.014184885510778596	0.007431444791777759	0.06398919186723713	0.025976198353820545	-0.0020523941658961453	0.011239559144062081	0.009607522206655688	0.003011148035451066	-0.0	0.0	0.0	0.0
e13_t1_y2017_seqrunB	-0.07974257081581541	0.005895634979859051	-0.07783767552231458	0.0427945937914878	-0.027121352754706927	-0.0014826761631831053	0.0023137321637532104	-0.009608337178134923	-0.001104490890069467	-0.0	0.0	0.0	0.0
e14_t1_y2017_seqrunB	-0.05638813373625409	-0.08610233069340423	0.07338300294891927	-0.006445932888886962	-0.015067894501293201	-0.0006364424072269364	0.012251821046374668	-0.005005742524514689	0.0005634579266937772	-0.0	0.0	0.0	0.0
e16_t1_y2017_seqrunB	0.015440022568690833	-0.07112320163345638	0.00876335201033253	0.010039716207752127	0.01755532808528893	-0.02091645803727853	-0.005487921351505071	-0.008343704972179063	-0.0018595613677490086	-0.0	0.0	0.0	0.0
e17_t1_y2017_seqrunB	0.03656095177658377	-0.12709935278666787	-0.04120529429747622	-0.02966324710534716	0.032840677448246765	0.014415403047337245	0.01054381837524487	0.0012739627215248275	0.0014165723533213729	-0.0	0.0	0.0	0.0
e19_t1_y2017_seqrunB	0.020195523943598453	-0.09459455229402593	-0.018276284574826662	0.008096298686304567	-0.022545631609099927	0.008890597158923673	-0.025901124694699715	0.00991487233906091	-0.0016647617324482028	-0.0	0.0	0.0	0.0
e23_t1_y2017_seqrunB	0.13979479255921978	0.005613328238722186	0.013968521590362357	-0.019026435909898762	-0.04158378577839354	-0.019380317126198577	0.007406506459121658	0.0011925409136167133	0.0007502088862270333	-0.0	0.0	0.0	0.0
e30_t1_y2017_seqrunB	0.12892456488762474	0.07752368355805149	-0.003965109276210898	0.0006775729931259109	-0.004492602649787208	0.030341826757959565	0.0014674172746679379	-0.008911423577758999	-0.0013880721536708412	-0.0	0.0	0.0	0.0
f15_t1_y2017_seqrunB	-0.01186967102187713	0.058985603913272726	0.035918203799830385	-0.0041437158594215895	0.021395269863989486	-0.0038653942908259582	-0.0006534422717746703	0.0033750779265256663	-0.011903895295322545	-0.0	0.0	0.0	0.0
f20_t1_y2017_seqrunB	-0.020181195625263992	0.07388493057729467	-0.08520302426037696	-0.03587691245144963	0.006181839367869635	-0.013832479030334629	0.004688561443428822	0.0061699233432626	0.0008900364058452188	-0.0	0.0	0.0	0.0
f25_t1_y2017_seqrunB	-0.1819109856261853	0.026083270411990357	0.016023097096773263	-0.019976428045477255	-0.014221867033984783	0.01174455157355222	0.0037887203569381203	0.002462417130229312	0.0003932090731202269	-0.0	0.0	0.0	0.0
f28_t1_y2017_seqrunB	0.0002698036840424524	0.06385502401470021	0.05121554696611982	0.0017122643194955446	-0.008877352844926339	0.0036034317287771717	-0.0031893475049766386	0.006680344296943988	0.005093298603373585	-0.0	0.0	0.0	0.0
f31_t1_y2017_seqrunB	-0.018511494119986233	0.052893076202885206	0.019784218727089922	-0.012176965604921429	0.029961174052976762	-0.006829649045605777	-0.018468300440635844	-0.008807452625233357	0.005802850155229447	-0.0	0.0	0.0	0.0

Biplot	0	0

Site constraints	0	0
