# Constructed from biom file
#OTU ID	E2_T3_y2014_seqrunA	E5_T3_y2014_seqrunA	E7_T3_y2014_seqrunA	E9_T3_y2014_seqrunA	F10_T3_y2014_seqrunA	F2_T3_y2014_seqrunA	F3_T3_y2014_seqrunA	F4_T3_y2014_seqrunA
fe60fdd97644302f7169f1d109c70575	8.0	0.0	15.0	14.0	0.0	1.0	0.0	4.0
85b020f842da1a4499e98abc5420ab98	2.0	0.0	2.0	0.0	0.0	0.0	0.0	0.0
382881c9459ea309e865be60aefba35a	0.0	0.0	3.0	0.0	0.0	0.0	0.0	0.0
0c76a47d45ff289de39a9c4fecfe4e27	0.0	0.0	0.0	3.0	0.0	0.0	0.0	0.0
8d80bd952e150e0d040c9f030d274151	0.0	0.0	0.0	2.0	0.0	0.0	0.0	0.0
ee290d1b3c671b2e131312b55eccb97e	0.0	0.0	0.0	3.0	0.0	0.0	0.0	0.0
dd46804b330efe42d5672af9b99a910f	1.0	1.0	0.0	0.0	0.0	0.0	0.0	0.0
8aa69f02826f9fddad8119450f3307c2	0.0	0.0	0.0	1.0	0.0	5.0	0.0	0.0
8dfd173cb6813b3de7e3cac270e00969	45.0	24.0	10.0	0.0	13.0	27.0	14.0	73.0
12c43e05e42c0fa954ad960d4f9d03c8	1.0	0.0	0.0	0.0	0.0	0.0	0.0	0.0
1fe356e985ca94ea4663e8cfb1a9b9a9	0.0	3.0	9.0	5.0	0.0	0.0	0.0	0.0
990cdfb9e4f800f6edd5246090648821	0.0	0.0	0.0	1.0	0.0	0.0	0.0	0.0
f8f62c53b4ef7fd050b4f0569887fb26	0.0	0.0	1.0	0.0	0.0	0.0	0.0	0.0
08d6af15a9a1447e1129c262a3d1d857	2.0	0.0	0.0	1.0	0.0	0.0	0.0	0.0
df18303ebe3e31944fbe3a2d6a9443a9	0.0	1.0	0.0	0.0	1.0	1.0	1.0	1.0
dd2abb03caffa6424768fcbf04afe2e2	0.0	0.0	0.0	3.0	0.0	0.0	1.0	0.0
f4a34be89df58443b6830964d67851af	7.0	0.0	2.0	3.0	0.0	0.0	0.0	0.0
c04d9f020856dcffc43c0947dad1d2c2	7.0	2.0	1.0	0.0	0.0	0.0	0.0	0.0
6a469ff683e34aacf59a6043fcde978f	0.0	0.0	21.0	21.0	0.0	0.0	0.0	0.0
22b3a8e14810f79ba1e451d9b46f847a	0.0	0.0	1.0	0.0	0.0	0.0	0.0	0.0
4811f81d52a7c0b9631d51d3250d71e7	0.0	1.0	0.0	0.0	0.0	0.0	0.0	0.0
4bce4ae85e8867f87a51e14517aabb21	0.0	0.0	0.0	0.0	0.0	1.0	0.0	0.0
ac88d72532a4535dfb3e14438db3847c	1.0	1.0	1.0	3.0	0.0	0.0	0.0	0.0
8fd5c1b566d2156117d8e77ef5107ed6	0.0	3.0	0.0	1.0	0.0	1.0	0.0	0.0
067c8ea21dca4ffdadd685c73f0c8ca6	0.0	0.0	0.0	2.0	0.0	0.0	0.0	0.0
ae86bf2d91044c461e91bb5bee50ebab	0.0	1.0	0.0	0.0	0.0	0.0	0.0	0.0
13bd3a798535382a1682ed832415fd91	0.0	0.0	45.0	4.0	0.0	0.0	0.0	0.0
35fba79fe5eb0b47aa88930c907a87a7	0.0	0.0	4.0	2.0	0.0	0.0	0.0	0.0
56105963942878c4c9bf90f7cf1452cd	0.0	0.0	2.0	1.0	0.0	0.0	0.0	0.0
66f2adffe7aabf778a19bf24c90eedb9	3.0	9.0	4.0	21.0	0.0	3.0	1.0	0.0
49a7123db5cb688821fdf91ce276fd50	0.0	7.0	0.0	0.0	12.0	14.0	41.0	22.0
97523431f7fbaaefa4d22e267b7c0dac	1.0	0.0	1.0	0.0	0.0	0.0	0.0	0.0
3eaf4165eebc07a4278b3d624b40ebed	6.0	6.0	1.0	4.0	0.0	0.0	1.0	0.0
da6645af535184afe6be4eb9942fa355	0.0	0.0	0.0	1.0	0.0	0.0	0.0	0.0
5fde5a7b5e65c315f107dc3e08d57b1d	0.0	0.0	20.0	1.0	3.0	13.0	5.0	7.0
470cedd1d76d5c80fcbef3fb8c9d3634	2.0	0.0	0.0	0.0	0.0	0.0	0.0	0.0
13fab874eac45016d344f3cdcbc1e593	0.0	3.0	3.0	9.0	0.0	9.0	1.0	0.0
60bd6b05e2ba4fd8a351e8259fadd5fb	0.0	0.0	1.0	0.0	0.0	0.0	0.0	0.0
c7f26464a1905c5b57231aa3f3393a6e	1.0	0.0	4.0	4.0	0.0	0.0	0.0	0.0
91fece3e94429dc5d64f3d2701526640	4.0	1.0	26.0	31.0	0.0	1.0	1.0	0.0
64f9bc58dd7599bb896f459ecb02e248	0.0	0.0	0.0	2.0	0.0	2.0	0.0	0.0
55cca38113297622dfea9ca4c1673242	7.0	5.0	0.0	0.0	3.0	0.0	0.0	0.0
a2767cabe39a632bbd2d33194f544ead	0.0	8.0	1.0	3.0	0.0	0.0	1.0	3.0
b09f4ab31572ad8d379c945500bb2f84	3.0	1.0	18.0	21.0	0.0	1.0	2.0	0.0
8412d92ea37579a1dc66f578f1b07827	24.0	51.0	3.0	33.0	99.0	69.0	194.0	117.0
ca8e343474254b9e86ff3d181fd36684	0.0	0.0	0.0	1.0	0.0	0.0	0.0	0.0
2c9f4bcf781cff51eafff175b8b899ee	0.0	0.0	4.0	6.0	0.0	0.0	0.0	0.0
4aebb134db00e6080b97eced62710c7b	0.0	0.0	1.0	0.0	0.0	0.0	0.0	0.0
516a9c2385f10a2df77cdb850b00d6f2	0.0	0.0	2.0	1.0	0.0	0.0	0.0	0.0
c86ffd196b0078ccecba86a814ebdfc5	9.0	6.0	12.0	0.0	39.0	51.0	40.0	33.0
34c260e93824eae7f8d273f07bab7971	1.0	0.0	0.0	0.0	0.0	0.0	0.0	0.0
66c9aaf6e51ab20ad3c31796a59aefb0	0.0	0.0	0.0	4.0	0.0	0.0	0.0	0.0
50dc0dbdf04d67d3821dc7aa94dbbc8d	0.0	0.0	0.0	0.0	1.0	0.0	0.0	0.0
8b1466bc9574a9513a5b3c4543eaa768	0.0	0.0	1.0	0.0	0.0	0.0	0.0	0.0
28490b6f0807445b92665c15f1c67e24	13.0	10.0	3.0	2.0	18.0	11.0	13.0	7.0
be96f8939a2fa483bbc8c6f59e10315b	0.0	0.0	13.0	1.0	0.0	0.0	0.0	0.0
e5b3d228e1e0f478f22194c5b72a6253	83.0	32.0	17.0	0.0	106.0	60.0	23.0	24.0
1b241ab7819d682db24603bd3450f5f0	8.0	0.0	0.0	0.0	2.0	0.0	0.0	4.0
bad4f3619db7d0dba6568a93c20c39dc	0.0	0.0	2.0	0.0	0.0	0.0	0.0	0.0
8e764524cbb07aafe9802da3a977fd0d	0.0	6.0	0.0	0.0	1.0	0.0	0.0	0.0
5dc066e7701d9a7e6c1bc551466886d5	0.0	0.0	0.0	1.0	0.0	0.0	0.0	0.0
3fb82f7e4684670b395e8b01ecf05bea	0.0	7.0	0.0	3.0	0.0	0.0	0.0	0.0
3b91f3f853208fbb2227f5736c7f82bb	11.0	1.0	0.0	5.0	0.0	0.0	5.0	0.0
2ff83afedbcc2eec6dfbe62a2f6ad1e4	1.0	0.0	0.0	4.0	0.0	0.0	0.0	0.0
892338e729bf4b1d41f57b36dcf6425f	0.0	1.0	0.0	0.0	2.0	0.0	0.0	0.0
b8115906caa99f5bb8340efc40df63a1	0.0	0.0	4.0	0.0	3.0	7.0	2.0	44.0
b3a6867b221f4d0798115296b3aefb1d	1.0	0.0	0.0	0.0	0.0	0.0	0.0	0.0
0d8b5acb42031a8a5b46d90faf1a374b	0.0	0.0	0.0	0.0	0.0	0.0	6.0	0.0
8827262323b0961c125cdc09573b4f24	3.0	2.0	0.0	0.0	3.0	0.0	2.0	6.0
c3c1caf1f8e87288a2d497b66a191c8b	36.0	2.0	8.0	1.0	0.0	0.0	0.0	0.0
2af0a579f513e784c4bff153d6f6fa6a	4.0	0.0	0.0	1.0	0.0	0.0	0.0	0.0
4d7b6f6d5f8fe245608e2a5494d6a9fd	6.0	0.0	0.0	0.0	0.0	0.0	0.0	0.0
7ff0a6a8b414aee24ca7c623f0a09f45	0.0	1.0	1.0	5.0	0.0	0.0	0.0	0.0
23061076f3d6f7e189a2c1eaf4aac4b2	0.0	0.0	4.0	0.0	0.0	0.0	0.0	0.0
d7df76d839444fa32e62da38b979446c	0.0	0.0	2.0	5.0	0.0	0.0	0.0	0.0
2e1ec41d6e14966e483a2a3194fbdb80	0.0	0.0	7.0	0.0	0.0	0.0	0.0	0.0
5bf9e50af0dd06e0a419ec41d2f2f187	3.0	0.0	0.0	0.0	0.0	0.0	0.0	0.0
0ef9a9cc0f7da028645c4b73e8dc3acf	1.0	1.0	0.0	0.0	0.0	0.0	0.0	0.0
74b7a8256b81eaa7624f4902a10cadc0	0.0	0.0	8.0	4.0	0.0	0.0	0.0	0.0
ab2b071abcb49c53965df22c590ba2a2	0.0	0.0	0.0	0.0	1.0	1.0	0.0	3.0
184a145f2ed6de9a2a64ee72912b4a4f	8.0	8.0	0.0	0.0	1.0	0.0	0.0	0.0
f8b9de20ea922bea3ee6584c8fc0c5cf	0.0	0.0	2.0	1.0	0.0	0.0	0.0	0.0
d26b979f66762468c9492f027644e453	0.0	0.0	0.0	1.0	0.0	0.0	0.0	0.0
95e20d9980cea1cf3f00bad56bc392b0	0.0	0.0	2.0	0.0	0.0	0.0	0.0	0.0
b1ce8473a28d818d02b6d273747ab90a	2.0	0.0	0.0	0.0	0.0	0.0	0.0	0.0
4f8c6348a617183614079986ca8b83fc	0.0	0.0	0.0	1.0	0.0	0.0	0.0	0.0
53fbaa31bd3ace5bb6f48e6d93217d39	0.0	0.0	0.0	12.0	0.0	0.0	0.0	0.0
2b3fac5644e3ea3938714cdf5c244c16	0.0	0.0	3.0	0.0	0.0	0.0	0.0	0.0
4f8c53cb812e9c6204c71d803c4f63bf	4.0	1.0	26.0	41.0	3.0	2.0	3.0	0.0
5ffd9287197cdd552a917837b072a1d6	0.0	0.0	4.0	2.0	0.0	0.0	2.0	0.0
f0ee652dac76c3046deb3ea6070dc592	101.0	180.0	35.0	16.0	58.0	64.0	34.0	19.0
cfdf2ee915361e0bb6755cca1d75bfe7	0.0	0.0	3.0	1.0	0.0	0.0	0.0	0.0
34e8294334b81aec9a78e73894284692	0.0	0.0	0.0	0.0	12.0	6.0	1.0	8.0
35400360e85ebbf83196f959e22b1a07	21.0	18.0	3.0	2.0	8.0	7.0	7.0	6.0
08c66b06a53870666a19d451679259fc	3.0	6.0	0.0	6.0	0.0	3.0	0.0	0.0
f7da64e887f1e03aa5faf2f2f664038d	0.0	0.0	0.0	0.0	0.0	19.0	0.0	0.0
af2e9d63e378ca4ac3533996938fcb0b	0.0	0.0	1.0	0.0	0.0	0.0	0.0	0.0
3d9f0d6f4608250723dc3a1474ff91f5	0.0	0.0	0.0	5.0	0.0	2.0	0.0	0.0
866989308cedb8caea176f64a70961e4	0.0	0.0	1.0	0.0	0.0	0.0	0.0	2.0
e9522d18373d32516b9033d881a94ba3	1.0	2.0	0.0	0.0	0.0	0.0	0.0	0.0
94c50ed71e98febc2870efa89163dac5	0.0	0.0	0.0	6.0	0.0	0.0	0.0	0.0
c7380dc22e10769c304112d8e6612eba	0.0	0.0	2.0	0.0	0.0	0.0	0.0	0.0
dc0d318ed9fc1f7bb44e6a7bf1b5b33d	0.0	0.0	2.0	23.0	0.0	1.0	3.0	0.0
6ea569711b25a5f7a1e7ad4881bca6a9	0.0	0.0	1.0	0.0	0.0	0.0	0.0	0.0
e324e375477659fb992ec7fdeb844287	14.0	2.0	25.0	116.0	88.0	83.0	100.0	47.0
6e99b6cc301df019f263dcf2c1f2bb61	0.0	0.0	0.0	2.0	0.0	0.0	0.0	0.0
b4e526cb58532e9b989a5a02c98a9fcf	3.0	0.0	0.0	0.0	0.0	0.0	0.0	0.0
f6c77ec34cf87c404a48f10e17ebeff5	0.0	0.0	0.0	1.0	0.0	0.0	0.0	0.0
3512eb609918d44ff7648d93df37c4af	0.0	3.0	1.0	0.0	0.0	0.0	0.0	0.0
3b1fc2925b6c4021ad24d2fcfee1337e	0.0	0.0	0.0	1.0	0.0	0.0	0.0	0.0
bdb82b871b11d2efc9f48ee8d6a8eb4d	0.0	0.0	0.0	7.0	0.0	0.0	0.0	0.0
dae75e4fcc08272304fff08e0747f9b5	0.0	0.0	0.0	0.0	0.0	0.0	1.0	0.0
8ac8e978fcff626a1aa7ed3e70b2a159	0.0	0.0	0.0	1.0	0.0	0.0	0.0	0.0
7a65dcd6d23b0efe3c4da7ffadd33487	35.0	63.0	7.0	28.0	41.0	109.0	37.0	46.0
618d1bc6f7f775064d324b932c38d7c1	0.0	0.0	4.0	7.0	0.0	0.0	0.0	0.0
090fad81bc0f3d70962c1eda8a7a93ec	2.0	1.0	0.0	0.0	0.0	0.0	0.0	0.0
41de34aa79e49e3c4a68823a90de5a54	0.0	0.0	0.0	0.0	0.0	0.0	1.0	0.0
b0d37c6ca23fca4fa11f4f943960d3a1	0.0	1.0	0.0	0.0	0.0	0.0	0.0	0.0
638411ddca7e21a307f8c8fe0c0a1494	0.0	2.0	0.0	0.0	0.0	0.0	0.0	0.0
74056c3714c9054b3bd62bbb066a6078	0.0	0.0	2.0	0.0	0.0	0.0	0.0	0.0
692d79d5416314c4ae89a04f14736249	3.0	4.0	13.0	50.0	0.0	2.0	1.0	0.0
fd16a2f77baf4bbb56637fe2951fdfd2	3.0	0.0	6.0	1.0	0.0	0.0	0.0	0.0
aa8b8dc74bd290616344c8041184de2f	0.0	0.0	8.0	7.0	0.0	0.0	0.0	0.0
9d7e5dae6ed557e690d67de8a1b66937	0.0	0.0	1.0	1.0	0.0	0.0	0.0	0.0
9430705ed00f36f380dd3391c3f4a6b8	0.0	0.0	1.0	0.0	0.0	0.0	0.0	0.0
05bfc1777e92b743506b161e3dbae66a	1.0	0.0	0.0	0.0	0.0	0.0	0.0	0.0
6ca36bb54a775b412307e22bc2503b4a	0.0	0.0	4.0	9.0	0.0	1.0	0.0	0.0
99a2f14a52ebf17f112cbcfe41cc8748	0.0	0.0	0.0	0.0	6.0	4.0	2.0	0.0
b47ba2493e85337b266180f93d17a728	0.0	0.0	1.0	1.0	0.0	0.0	0.0	0.0
eab61fce4edb5bc64528fcc9d95f1043	2.0	0.0	0.0	0.0	0.0	0.0	0.0	0.0
6833d788c9f7fa9de45e0840be9ef38d	0.0	0.0	3.0	0.0	0.0	0.0	0.0	0.0
44ffb3b97ba057b9e66b6565e75a1001	0.0	0.0	0.0	0.0	0.0	2.0	0.0	6.0
e19409d47b734149e5cde317cb585e75	0.0	0.0	1.0	1.0	0.0	0.0	0.0	0.0
ded00e240facfac4a1afc55bc03b2a46	0.0	0.0	2.0	2.0	0.0	0.0	0.0	0.0
bfd9cc38c422f525998072a1164d543a	0.0	0.0	0.0	2.0	0.0	0.0	0.0	0.0
63d623026cf9d03654083a9dd86a5e39	0.0	0.0	0.0	0.0	0.0	0.0	2.0	0.0
2427c20d6a22738463fa7f207d9a2009	0.0	0.0	0.0	3.0	0.0	0.0	0.0	0.0
847f73286f086d05233731f6d30a3710	9.0	4.0	7.0	4.0	0.0	0.0	0.0	0.0
8f889d79ea25ec58fa0b74cda902a3c3	0.0	0.0	0.0	0.0	1.0	0.0	1.0	1.0
b5bbf48b48ac2cf35cf481b86d3f03aa	1.0	0.0	0.0	0.0	0.0	0.0	0.0	0.0
eb0854f70c8990d1693298fe4de7bc42	0.0	0.0	7.0	4.0	0.0	0.0	0.0	0.0
e48a6fb20346943c4f53e88e4af35b1e	0.0	0.0	0.0	0.0	0.0	0.0	1.0	0.0
4011de7b7b3006c1fbabff05e8a4f3cb	0.0	0.0	2.0	2.0	0.0	0.0	0.0	0.0
ad9d0ba01d910be24527867e5aae6134	7.0	50.0	2.0	3.0	15.0	46.0	66.0	63.0
8ab606959ccfdb1ee894674fef435bc3	5.0	28.0	35.0	46.0	3.0	3.0	1.0	0.0
e26a237119494044acb1d7c3a29d9894	0.0	0.0	0.0	2.0	0.0	0.0	0.0	0.0
b92150ec5976921baa0f0de2bf076c42	3.0	4.0	0.0	1.0	0.0	2.0	1.0	1.0
667b41ef4dae309b2ad345e248aa6589	9.0	0.0	0.0	0.0	0.0	0.0	0.0	0.0
131fbb8932c5d40478f5d02c7199b18b	59.0	46.0	6.0	8.0	7.0	3.0	3.0	1.0
8f77512d23d87745df18f8d9f9c7730b	26.0	9.0	0.0	8.0	131.0	43.0	11.0	47.0
f177e4c8d32ac8a295ef75b3ae3e7e40	0.0	0.0	1.0	0.0	0.0	0.0	0.0	0.0
b01a44fe319c54563f7ce48d3aa74f85	1.0	0.0	0.0	0.0	0.0	0.0	0.0	0.0
7cce9337eb976e351602a77affc22ad4	7.0	5.0	23.0	5.0	29.0	3.0	80.0	26.0
bc6363b949989ed164dfbc59ac2ffb72	0.0	0.0	0.0	1.0	0.0	0.0	0.0	0.0
14d59f0fa58ef8fc835deadcf4689b0d	0.0	0.0	0.0	0.0	2.0	0.0	0.0	0.0
70b536432d8a82337bf3a3af32ab352c	0.0	0.0	1.0	1.0	0.0	0.0	0.0	0.0
adcc60e8dfd34d328e90fd7b22540ed4	0.0	0.0	5.0	5.0	0.0	0.0	0.0	0.0
adadaf4a36ba9a9718e0668298797fa2	2.0	0.0	0.0	0.0	1.0	0.0	1.0	1.0
4f39d9116f68ecd0d6f631896f5f3510	0.0	0.0	4.0	0.0	0.0	0.0	0.0	0.0
b8350da9dba2aa958a80c9ef40fdd61f	0.0	0.0	1.0	0.0	0.0	0.0	0.0	0.0
9caddb3f6b00cd4a808ff3f6f5622a1c	0.0	0.0	0.0	0.0	0.0	0.0	1.0	1.0
2a0578cf386c35d67802a3c6990249e1	73.0	108.0	53.0	0.0	29.0	53.0	32.0	121.0
1c919de5b6c57900f47a11d908ce3115	6.0	0.0	2.0	2.0	0.0	0.0	0.0	0.0
72bd6e0c19908a94c989ade67d6f23de	1.0	1.0	0.0	0.0	2.0	0.0	0.0	0.0
b971d9f1bcbee21de4219a5cea16e14c	0.0	0.0	0.0	0.0	0.0	3.0	3.0	0.0
62eccbdf8992e11375d4646b5130d89a	1.0	0.0	0.0	0.0	0.0	0.0	0.0	0.0
8f76c7cbf785b97de7ff130d287cd015	0.0	0.0	0.0	1.0	0.0	0.0	0.0	0.0
a093c48d1880156d4e994f90bf576955	0.0	0.0	0.0	1.0	0.0	0.0	0.0	0.0
ed681bad80561b2db4a89667097d7d06	0.0	0.0	0.0	1.0	0.0	0.0	0.0	0.0
16b67f80eab70bc3630703cb12350b32	0.0	0.0	0.0	3.0	0.0	0.0	0.0	0.0
08cb971af25f6d2903f9eaf603743ddf	28.0	0.0	13.0	0.0	3.0	0.0	0.0	0.0
2b4ee16767d816c46dff623f39759212	0.0	0.0	3.0	0.0	0.0	0.0	0.0	0.0
dba732153a5f88b3b88dc5b016424012	0.0	0.0	0.0	0.0	1.0	0.0	0.0	0.0
bbac12ac835f54729dce2b962c1746c0	0.0	0.0	0.0	1.0	0.0	0.0	0.0	0.0
29d3a657e7d2511ef3536cd296eee46b	0.0	0.0	2.0	0.0	0.0	0.0	0.0	0.0
4f6ed50cedb83ca007538d6c3da4218c	2.0	0.0	0.0	0.0	2.0	6.0	1.0	5.0
86e22307bbfdd83f9b252ebcfaaf92e0	0.0	1.0	1.0	0.0	0.0	0.0	0.0	0.0
1fd453b8fcad99ebbbbab23d54ca3a9a	1.0	2.0	0.0	1.0	0.0	1.0	0.0	0.0
5bd2b300ef5e3c6a85045d49a4ba4e43	0.0	0.0	2.0	0.0	0.0	0.0	0.0	0.0
48a69ddba84577ca0f4c692656b7d78b	0.0	0.0	113.0	36.0	0.0	0.0	0.0	0.0
efae48476924f85bc6056c685c8ff232	0.0	2.0	0.0	0.0	0.0	0.0	0.0	0.0
60a056c58fd5b07fbfa36ec7ad6bd69e	0.0	0.0	1.0	1.0	0.0	0.0	0.0	0.0
7b5e8819880c7440ef1d66997dd9d816	0.0	0.0	3.0	1.0	0.0	0.0	0.0	0.0
c9dff88f89e9185811f76fe26cd89b46	0.0	0.0	1.0	0.0	0.0	0.0	0.0	0.0
e2a7ec531dd136e35823290a164c1aae	0.0	0.0	8.0	3.0	0.0	0.0	0.0	0.0
261aefe50d1f967d5cca64711f94da81	0.0	1.0	2.0	6.0	0.0	0.0	0.0	0.0
d185ed2f2657ea3f6510629b31523661	1.0	0.0	0.0	1.0	0.0	0.0	0.0	0.0
d4070bac13e810413c2d47761125e0fe	0.0	0.0	0.0	1.0	0.0	0.0	0.0	0.0
9fadaa31bfde8be8063e2e413609bbd0	0.0	1.0	0.0	0.0	0.0	4.0	0.0	1.0