Eigvals	35
2.070571929213005	1.7001881279583193	1.3680240071954495	0.8092338204031047	0.6645345937359125	0.6136654860486037	0.5300852674391168	0.4750028845597257	0.46545058691798014	0.4434243170032146	0.38539799718693546	0.2926618301385666	0.28969077513957775	0.24031017347228947	0.22264374297105113	0.195284097199867	0.18492145795516782	0.15805279253101384	0.1513642730185187	0.13244603685766596	0.11722158804523974	0.10854912230291816	0.08664286173301086	0.07068003204704311	0.05663459683905389	0.047019498157235246	0.034687752632338226	0.027069231174109545	0.017965723512894348	0.005847949731935392	0.0040489439860772955	0.0	0.0	0.0	0.0

Proportion explained	35
0.17298991673951403	0.14204548924258284	0.11429419850791955	0.06760899693426245	0.05551982156186002	0.051269864060124924	0.04428699384231944	0.03968503015601485	0.038886965065687513	0.03704673795506229	0.03219881739161978	0.024450995840432962	0.024202773332606852	0.020077175931014466	0.018601199994909112	0.01631538573402581	0.01544961909493905	0.013204824732063233	0.012646019497020312	0.011065459047923392	0.009793503171718877	0.009068945330706938	0.007238744631761541	0.0059050993044281515	0.004731646388873657	0.003928334464789851	0.00289805505188598	0.002261551014454107	0.0015009809467676823	0.0004885782150098382	0.00033827681770064833	0.0	0.0	0.0	0.0

Species	0	0

Site	35	35
10N1	-0.17814729312450608	-0.247213007171556	0.04112360224868273	0.1001079852325259	-0.12330307117588306	-0.05580315025324607	0.10032048112082488	-0.04292114550765841	0.04868403291259856	0.06954275657717844	-0.07251119649926398	0.005038550003456083	-0.05711328725087109	-0.09736757304520284	0.012885747490369269	0.0053137845968160135	-0.024218712454155106	-0.0961853361853415	0.17607505170719331	0.06865610786958735	-0.006467892856405191	0.0065908177918328455	-0.019540266851714404	-0.026034760366615107	-0.061361047063056604	-0.05547142706750488	-0.040533326954797236	0.07252925210972437	0.0031444973897326862	-0.0017785465244588633	0.005901599152754013	-0.0	0.0	0.0	0.0
10N2	-0.031067861968976946	-0.032245490210879524	0.0578010989096472	-0.1921460148973981	-0.13755367249638442	-0.407827424897187	0.0916591640124989	-0.11586998550560218	-0.17064816260869992	-0.16934683519133814	-0.15466010996008878	0.09953902911851714	0.08327027388226364	-0.06541471076434657	-0.04398660612338907	0.027943789167436135	0.042361030642981065	-0.06719962507519257	0.0032978339976906675	0.016574212191727222	-0.021204525793811463	0.10928498534521124	0.00018750534939360853	0.052200283716400925	0.04475435716863839	0.03263025479957048	0.004833100570679493	-0.01058195921777378	-0.017824146590552307	-0.005082412676083999	0.004185121402387359	-0.0	0.0	0.0	0.0
10N3	-0.13965649128143853	-0.26785808844524905	0.021890022579230565	-0.11549804012947013	-0.03995511721260219	-0.038663393758351594	-0.09552073073225663	0.050589396395563056	0.048337657812729334	0.07271232803216676	-0.05501526502532206	-0.09758840538526567	0.031010077873780333	-0.004041233286637523	0.12497295298977144	-0.014878612665605806	0.04213166325719626	-0.07045803270453459	0.0912614986464478	0.007816417119944406	0.16981593357415983	0.0073115656860959785	0.039921830186909674	0.011960044644347792	-0.047414886096563844	0.03316667726617618	0.03550907862986071	-0.06907193334223831	0.006537685624983756	0.022168544923197298	-0.004635514049184583	-0.0	0.0	0.0	0.0
12N1	-0.22961647189908382	0.45705252484344444	0.0019915532282205805	0.10515978758382818	0.08341884851340788	0.07026323074002974	-0.12214454406832208	-0.019269611665996042	0.03415079537060842	-0.017473117845620154	-0.03882958484782056	0.008341187105394622	0.046049616674367064	-0.03234815176193801	-0.04239568560533176	0.04951265080809251	-0.004608697889397298	-0.04493196589605119	0.03133389896709154	-0.025980361217931243	0.025390847928974624	-0.019193154864642403	0.0707767111373502	-0.012594036945723572	0.039708776164874206	-0.019406081016161238	-0.0777677073196956	-0.0490278774732876	-0.04985918403463919	-0.019553150608679907	-0.010679570198873172	-0.0	0.0	0.0	0.0
12N2	-0.21716772738839338	0.41778366287960056	-0.014315352673154336	0.1435602501322492	0.05398735645953606	0.017519213657115947	-0.08773639006428746	0.032608920710236036	0.001224388020168698	-0.012752886399866074	-0.06972345625495173	-0.019680276662940137	-0.017466949174910998	-0.06951875937121155	0.1821276688962912	-0.07948003535001384	0.001884597575139564	-0.05677949037019488	-0.09422392498253808	-0.01085305370000525	-0.0341454854467162	0.008528443987456037	-0.07002886597317642	0.043181711658382096	-0.003726473402071853	0.004056548153260549	-0.008152442868232655	0.0075541714936090895	-0.01341793402602924	0.022671635598480486	0.01753483125381109	-0.0	0.0	0.0	0.0
12N3	-0.06518529251963619	-0.1361078504165865	0.04457425160417195	-0.29496969701491854	0.17831123732775744	0.2924693860539078	0.18435129322018054	0.060084593926694047	0.09040656518464052	-0.10377860590423788	-0.1320590055909817	0.02320950538231302	0.14749027741274334	0.010277002802064252	-0.10886677185428578	0.01050229950932359	0.011699304128264582	0.021185033611311896	-0.01964514532767014	-0.017130805194608523	-0.0008791234769919381	0.028368178607172376	0.02739911086347863	-0.04291608336234152	0.031224494495293444	0.018865575293492996	0.029252670888719644	0.027609417887727562	-0.010973800456176573	0.015485219240405065	0.014299275201663988	-0.0	0.0	0.0	0.0
17N1	-0.01867326631864194	0.2356595696534282	-0.06758410471136038	-0.11313679411081193	0.1518702112195726	0.017940302059508795	0.4115639472181692	-0.05160038305745184	-0.06814759413819357	0.012692054561101769	0.19799229557847337	-0.04991296419655964	0.0032141507140472703	0.05128583170983248	0.007607418027211158	0.05158543512147807	-0.08243959938762209	-0.1234773565218826	-0.011703006975552911	-0.03718294048459049	0.05086647392892871	-0.05642968091061815	-0.042810924392076996	0.053861605603533425	-0.02308686159904254	0.003159671622157698	-0.03059076923125796	0.004519504651520759	-0.012214111329827691	0.010059276662532078	-0.0036660942463696993	-0.0	0.0	0.0	0.0
19N1	-0.1785021223976738	0.2634323239261393	0.001574649109292384	-0.03490458063589195	-0.14410400760164546	-0.2631597261242239	0.021082056003872994	-0.12202579229916438	-0.08190246360757922	-0.09219112404820669	-0.1485416879576137	-0.04922904038653883	0.11382340539071556	0.09280138380083217	0.0038110801943327163	-0.06126495100671436	-0.011244882748362984	0.11232356789542011	-0.029422483226007243	-0.06176468951650829	0.01662143415469195	-0.16630155441146063	0.0012378030041862015	-0.06861029437444525	-0.040821656093049476	-0.02416916158478536	0.006321678817475222	0.015758811674487526	0.017459585110660765	0.005407452690129833	-0.006076369673092887	-0.0	0.0	0.0	0.0
19N2	0.45654988042915134	0.1119847236783029	-0.411217817039216	-0.02530278548457951	-0.20314259402261672	0.04799520845762963	-0.028547540365767482	0.03950588960541081	0.11534664077344482	-0.08875185604711965	-0.04723354291822572	-0.16052807106187764	0.032303499525093066	0.09105801285765161	0.00553940721368428	0.012123760859825795	-0.01301397590793431	-0.06373870889603017	-0.04295249297804961	-0.02869352850881002	0.046689353568808115	0.04896377586060493	-0.00932944183944073	0.005698824103808773	0.06986107841089743	-0.031107818229756612	-0.03963861478558634	0.00527514232178423	0.0568229519524158	-0.0015921954648018914	0.006826222575530484	-0.0	0.0	0.0	0.0
19N3	0.18727243351390216	0.12475819754026667	-0.3765426805317344	-0.008841799348938542	-0.2852550022032975	-0.011871284888711711	0.023901332123401904	0.09976717335704256	-0.03536462943087224	0.0033663351037355586	0.054069595177058706	0.0358775666622307	-0.15151314258703238	0.0245030891474299	-0.05231375973594821	0.017979525326454616	-0.07411812142678705	0.046587397110221286	0.015615018916498176	-0.006413685415942527	-0.05174961631506078	0.041652886763491985	-0.04324714498897506	0.014033793927546317	-0.0555449245213104	0.0812653745764065	0.010346372273907164	-0.01415400234557609	-0.006977889985718342	-0.005195063948527844	-0.007702170025257901	-0.0	0.0	0.0	0.0
20N1	0.2406492530447478	0.15190397434282293	-0.41385873247563015	-0.007817034778858395	-0.12526415275464184	0.08681307504540692	-0.027135838645280425	0.06811319880462563	0.006337749316050158	0.0291539245921475	-0.05668632413079602	-0.08276730695019681	0.017387377382079558	0.013805088408203842	-0.029451985948023864	0.012705793938531404	0.011191288791115847	0.019046158444821718	0.08334564594191629	0.06260628992418035	0.02812546057856677	-0.029869664588382316	0.037214894896118934	-0.02514028360584248	0.009414007976644125	-0.028339212430458748	0.05463765382255217	0.02331090228792441	-0.06728940563807627	-0.003646461047853422	0.002259204241413241	-0.0	0.0	0.0	0.0
20N2	0.4777462022264047	0.15615902022463796	0.48048346979903966	-0.038743393776082186	-0.09047249023800921	0.04004952201465172	-0.014959815541939994	0.04301824539879566	-0.03311956428923029	0.05896877601531175	0.049142889122541826	0.07249928226283882	0.01752142771505679	0.10314501391727471	0.016848174897517713	-0.1331511264832448	-0.0207044617654203	-0.0765168257893242	0.08024442686270598	0.04080419328650714	-0.07321856284450778	0.016318215309918078	-0.0033349214150412963	-0.0579015375569574	0.061130173054041316	0.0007249018445007828	-0.004675754909506513	-0.0015015682568396355	0.0025424477461320387	0.020356460793904945	-0.02422352027711216	-0.0	0.0	0.0	0.0
20N3	-0.22590483995878272	-0.07991782453744213	0.031880371165431284	0.19818746966358086	-0.07559906656987558	0.020781816019149232	0.12510021158907877	-0.04676388154980468	-0.02729827033480491	0.04491586759070118	0.08936278018180646	0.003561242983831203	0.02718051305441705	0.02766441529660282	0.0671187514758592	0.04150865997181091	-0.01301661036640329	-0.07117246868704294	-0.028211406738778467	0.044346883861951104	-0.04667368523783064	-0.004833358080674484	-0.06616180126085429	-0.1441289909739425	0.031902434281783236	0.008688996148210795	0.04558583697758922	-0.05512065299382192	0.003961763292791748	-0.019562079722991104	0.02043004726013457	-0.0	0.0	0.0	0.0
21N1	0.03665085308320427	-0.2680384625351959	0.14684599195675677	0.37538201821498984	-0.09551090403118066	0.05963361077498601	0.1004442868483219	-0.09309805714367055	0.05532033151330315	-0.02638095082645288	-0.10369251839352475	-0.09748254742472383	-0.056107546386329143	-0.1774593903213908	-0.14585723780690518	0.073295105192841	0.015009528046451354	0.012017806734694403	-0.12697232869002845	0.030143314352083055	0.05649325839760614	-0.00392759096445749	-0.021851454635560524	-0.016577214562350534	0.023127424113302302	0.0056011342401488485	-0.005640578397588978	-0.005243316877652493	0.003358927424915365	0.014810264796895933	-0.020377816459663342	-0.0	0.0	0.0	0.0
21N2	-0.19870248687176936	0.41183312020721574	-0.01164420649867239	0.07795404961242342	0.061735781814086114	0.07122289055633693	0.09064223794846359	0.08245009396650045	0.0028568125099751127	-0.032797872644068804	0.004827903724936118	0.02602715765972032	-0.10825423839222137	-0.11781130056957397	0.015161916006149521	-0.1054256372880556	0.1631155739608874	0.10257760026898297	0.09424113409867535	-0.09480352255319659	0.045270467753503234	0.0743101677160832	-0.019942146553548996	-0.04535026529353281	0.014657209660548676	0.042354615604619575	-0.0073055711060056655	0.01984816976422625	0.019890745519198692	-0.0013514534506849462	0.0002961367454016528	-0.0	0.0	0.0	0.0
21N3	0.3337114507453238	-0.010081697539784447	-0.0619387853750752	0.01625529075088228	0.49569323945792226	-0.18491488704585254	0.021518807435694197	-0.1331550161013687	-0.08376878101902795	0.14616711476774458	-0.1473762694568017	-0.19550969576059635	-0.1527759077513574	0.04502448386524034	-0.018151317506365033	-0.02400056690855183	-0.05232051287680583	0.049569041832733675	0.031093406578632327	0.033337394246553735	-0.03807966995197228	0.03750729526566572	0.012590961874571748	-0.016664555020363257	0.005038380165411081	0.014000911507062414	0.008136172793129571	-0.009724341305537737	0.007140708800107985	-0.006335366413614594	0.0015418971661733004	-0.0	0.0	0.0	0.0
22N1	0.29999137199427073	-0.25091369953119247	-0.24947230651132327	0.17931407170474545	0.139927382026795	-0.003099858827630812	-0.015634306359455754	-0.1343917386523781	0.0031067227485880103	0.08205889333783513	0.08126185844292132	0.1604566159342132	0.14564862949708404	-0.05295593762493242	0.06327325600975385	-0.06519654057279874	0.06857410615581551	-0.061618882811184716	0.020444437729057765	-0.06853403443104361	0.051074516330965734	-0.06521135802449779	0.020197699017249958	0.033475434765861005	0.03435770257428273	0.03483074376503697	0.024100707328903827	0.029661405808201705	0.01944242859306865	-0.025411343950600705	-0.006946591128242353	-0.0	0.0	0.0	0.0
22N2	0.417775935450074	-0.09898349213968692	-0.3722631814490979	0.019638132344749124	0.10464244755902691	-0.013511723340772754	-0.049331542744918175	-0.08764759584806751	0.03225493477810574	0.043586014604328385	0.04812538115339712	0.17902762221623145	0.07617680278444063	-0.06325417077874997	-0.04453182356782058	-0.02933076735941295	0.09343969793309032	0.02041418733045093	-0.05479712864738903	0.028608581064002516	-0.0791057533882646	-0.001786601616165114	0.0035692534767126243	-0.03121889111910109	-0.0803981387105993	-0.029475697705918045	-0.036363710731364254	-0.03771465197578534	-0.008156956912573824	0.026823496402060075	0.005156471335201815	-0.0	0.0	0.0	0.0
22N3	-0.03840202678055738	0.06649785223073476	0.08238663973061111	-0.2735830226764908	0.04702754855658179	-0.20184676697825588	0.047871172880196385	0.05939319937164083	0.5230165518908033	0.06972369651046034	-0.010551678941129393	0.08575060170332353	-0.04836219247006384	-0.05752388445518905	0.03604798826794139	0.03212273122675821	-0.03721124967602163	0.04716849070747293	-0.02387776021976746	0.017658735061633065	-0.01798773029832749	-0.028667765449706176	-0.04595620446983693	0.006153160486992674	0.012268833049198844	-0.012252286047717088	0.008683151404315668	-0.012021762332349287	0.0027298379117399814	-0.012245827644509853	-0.0076103878335058136	-0.0	0.0	0.0	0.0
29N1	-0.08401044370581467	-0.01372433919119283	-0.08325642021810664	-0.20948456711680402	-0.09080082922073437	0.138664569059684	0.08273014518914054	-0.1390318655788712	-0.1438426503499567	-0.02409704165631709	0.07494715623569745	0.10368370124979344	-0.14829381909182066	-0.13664484452261275	0.14137640485799233	-0.04522738218522085	-0.13534757814828693	0.09053445991704594	-0.06251896528806059	0.0695568819848734	0.0302465995216456	-0.00339380042944155	0.11819093940845274	-0.004546249694444339	0.0383717654364746	-0.033684950202268193	0.008139155425310556	-0.0034843964152669613	0.015378681093891204	9.017910888942748e-05	-0.002125699395203523	-0.0	0.0	0.0	0.0
29N2	-0.18843885906928978	-0.035371608760479706	-0.03958647178130025	0.1447317987533037	0.05827316801425044	-0.07596518223075831	-0.1244153705560618	-0.01766119025740641	-0.061320977245382664	0.08710290512350495	0.10266602901707696	0.16253020162791043	-0.0022594199997667186	0.0947859874797949	-0.11086127094402887	0.0584757177759436	-0.0967467471267964	0.12136792116453485	0.07555116744455047	-0.006370941506300017	0.1053298703239966	0.013471309117157599	-0.09821609069302378	0.03658198336621152	0.07158184909086618	-0.036045257550406884	0.014452609697846945	-0.0009093161892075572	-0.0024170496765300634	0.019012745692962206	0.007429942711404555	-0.0	0.0	0.0	0.0
31N1	-0.04823693971958386	-0.2690397533556201	0.02285877227536502	-0.2087950457573927	-0.015163320920073076	0.2463556922068074	-0.16599109234683754	-0.136169611772842	-0.0755768051049297	-0.04308987931956045	-0.07466753309072072	-0.0703018898755162	-0.00018897833585981781	-0.07901709608426515	0.007356820717590978	-0.04118589900608821	-0.07649701777576923	-0.02105522577087891	0.02013110710610434	-0.15905739661200527	-0.06829516080428637	0.0011273984045661839	-0.11716391038082578	0.02178181086382441	-0.01845308257466577	-0.02916786302688306	0.02462140673959662	-0.012732407317852827	-0.014575523275467624	-0.010283925224101228	-0.013224932665933989	-0.0	0.0	0.0	0.0
31N2	-0.25959179327787646	-0.07513176361606275	0.03895739875919328	-0.17470546143916713	0.006639736347901252	0.08380587414575325	-0.20131679441879544	-0.09178421566437991	-0.02117173954318638	0.04869514998362317	0.01262039769074794	0.04762453683576422	0.01087879355837864	0.05308841351242154	-0.09066778396392688	0.06345819624123938	-0.07280641393478315	-0.01931279765714119	0.019314761599727757	-0.019486500341836584	0.015754437509124405	0.03064745497803634	0.03387901218556755	-0.06180264651091783	-0.04291550047022082	0.053672936156754246	-0.06740592757900264	0.0030485037927134753	0.03162387539167048	-0.0035755805598558245	0.008785908243500631	-0.0	0.0	0.0	0.0
31N3	-0.07201514729218506	-0.12823128957368965	0.03132269671346437	-0.02954430569185573	0.042625352779804206	-0.17606445910250354	-0.08580481006289442	0.2056587879206766	-0.045449934358655596	-0.04929724681341745	0.31323935542714326	-0.21519023515291108	0.1970218066797897	-0.17696448698526607	-0.04050683836020508	-0.04684466404796641	-0.05419590295079034	0.06697451625360595	0.024253108016070345	0.014007089168255007	-0.056501098887841654	0.014451444194919703	0.018808841681655104	-3.6715153123459075e-06	0.008945617365422012	-0.007374240040142189	-0.0078056986459797625	0.002665628012333243	0.005214701663949861	0.0004846027740752803	0.0017365976983141213	-0.0	0.0	0.0	0.0
32N1	0.48467222966567347	0.10823629498437269	0.3657209146164875	-0.00018508631193290084	-0.06692209963340989	0.05739975201809158	0.002880192069733869	-0.025829881002920847	-0.06286925345563876	0.051198750557872784	0.024366942795458056	-0.02246700247516543	0.04610085315729384	-0.017804627898439975	0.15343985259262893	0.2946748386040922	0.07697566181463603	0.1046440296960347	0.03381203150627306	-0.05490238550158447	-0.026530785685915846	-0.0023493923711067816	0.011144701972420817	0.015573614292302454	-0.017675307184464677	0.0030789103240085785	-0.001450547815044226	0.010370093846073288	0.0006831020955338011	0.0006016516680999718	0.005256783787985475	-0.0	0.0	0.0	0.0
32N2	-0.19824863132068754	-0.19383850130944638	0.06263282855133712	0.1444524268599951	-0.053587553515852315	-0.10741534633043641	0.04994569145877412	-0.028200989607060953	0.08646512299309317	0.08495944809653337	0.09996256062065259	-0.010698981669962337	-0.01305297349882101	0.163685468462306	0.03687589503382572	-0.03569976290474828	0.006840653600483664	0.009372239554542902	-0.10475411663203009	-0.13616173542484106	0.0028839999401649432	0.1565519606559536	0.08332681345860736	-0.01576075672876791	-0.03718688200280287	-0.05520413256330898	0.015620519705716622	0.023374832381027725	-0.026990633812689936	-0.0010827637836353038	-0.005286820041028487	-0.0	0.0	0.0	0.0
32N3	-0.24584120242392427	-0.1865025407331076	0.03557092822430042	0.0385087363747684	-0.10600826456650951	0.0555612587938231	0.03091300797785676	-0.09149805111408653	0.07372495828915024	0.09496089614635218	0.06753346869857206	-0.075046525095773	0.006409192658320122	0.09652352158159455	-0.00934071042360155	-0.04162236157817033	0.03978250728760875	0.04590573120755272	-0.03190479802315091	0.037671573584831385	-0.04617307589514278	-0.06500397280034427	0.024344055779241622	0.03906246916899601	0.018185447258530288	0.11542130209097028	-0.01727360878726348	0.024236737637471133	-0.021970107953202294	0.003401087791684471	-0.0013092854328489013	-0.0	0.0	0.0	0.0
7N1	-0.19183207347311973	-0.015919594489297344	0.056213673394864695	-0.2386606946881945	-0.055256939680580375	0.059646772129881294	-0.15035217631281725	-0.18762074156289632	-0.03211885994734764	0.060424634124113176	0.11689270237161628	-0.09075327838092369	-0.07344956163969296	0.06768133994258542	-0.021659422838221296	-0.021862309302359703	0.2170844935245825	0.003660525055389128	-0.048985107999050655	0.11925067279530041	-0.00047959461929506273	-0.004048085086882548	-0.0485730197463855	0.04079944632181708	0.02330510919198442	-0.043208497004682274	-0.008030269737916108	0.0114138644653399	-0.0014316579282986682	-0.006614867502624982	0.002521308344076223	-0.0	0.0	0.0	0.0
7N2	0.10367074063808263	-0.23530544114259944	0.08695625138370398	0.15439653821165542	0.15271263060196752	0.00208036948316366	-0.08335498675021137	-0.02513836333269486	0.09673848568578848	-0.5357303779519066	0.10237512774810993	0.020903998142819603	-0.12961776941617473	0.0972995823089392	0.04811150337090488	0.005181954124387332	0.0036877853881408557	0.00044780879418966147	0.049133489776880125	0.027966520571790016	0.0022027467669375536	-0.02902110226428901	0.009061654339907691	0.0027819167199330985	-0.019973314863409728	0.005270176717119973	0.0009739570286876768	-0.0004072481134307418	-0.008554091811665651	-0.0009882498201295741	0.0017347765760619058	-0.0	0.0	0.0	0.0
7N3	0.487476417421186	0.1490810436520423	0.49466714333591405	0.03657350121583524	-0.08653869693291025	0.049239758418506925	-0.021901611115478198	0.049231918911534986	-0.0021856353269243314	0.03451553511729549	-0.009035228577316468	0.02095618981695305	-0.009657779039571	-0.025197193209909947	-0.12097510112328781	-0.13677089821757468	-0.05229495379855219	0.0030198395958667655	-0.06634438095376831	0.01362021949058585	0.1000558274240273	-0.017417861265800357	0.0020784002907954526	0.04452581987153413	-0.06411333052269162	-0.0017746630521926442	0.007616094723240449	-0.0072057214411962054	-0.007928662439036536	-0.021293687572521647	0.023957677507630087	-0.0	0.0	0.0	0.0
8N1	-0.2509037913665265	0.1666045537870215	-0.015768291535587238	-0.004866419628031259	0.07417893192182393	0.1105761111368268	0.15768106952138927	0.1510715463947944	-0.1112783768358844	-0.03603599940584718	0.0034075105282575626	0.03759128538000734	0.04231312294968438	0.06496166959155045	-0.0826505216379275	0.025247829906092405	0.09480919727599182	0.01351966695858519	0.0054468535474734925	0.06690071187381715	-0.01672911330131275	0.020314914441263904	-0.0057687076918111575	0.03801113277233298	-0.06216692744369716	-0.04358661077269425	0.030449951806484264	-0.029379883536621056	0.03865837545144708	-0.015031984810677286	-0.01777064417036336	-0.0	0.0	0.0	0.0
8N2	-0.0005722396068587718	-0.23511411845062863	-0.0041861185422955895	-0.14757488377925812	0.06404420045644722	-0.13528541121522028	-0.10765120960361685	0.34949643082147863	-0.15901600450239195	0.053066157508747096	-0.001353320960700334	0.05932238839118614	-0.20390477948577557	-0.01883383308500843	-0.043210623023642925	0.06107031342838168	0.07107349317356038	-0.10127246506619089	-0.08994223852336371	-0.07430444014512325	0.005768315439559434	-0.09989782521486935	0.018756996539872617	-0.03856880347018778	0.028938784353524132	-0.007003510767519483	-0.00015985143103473254	0.021104245039236712	-0.005092319441543393	0.0018937454972443057	0.0011591959908687827	-0.0	0.0	0.0	0.0
8N3	-0.21058591883825006	0.4312539142915143	0.014875365040141766	0.12782957552437058	0.07415527079519915	0.020718950430082168	-0.2311852195564181	-0.03999519177382564	0.057336657889289336	0.0074198764498505515	-0.013614100288761546	0.02620063332465034	0.03165463165607249	-0.021512211211629835	-0.05224274404988458	0.08569391834334586	-0.0729413201176997	-0.10945208259834568	-0.02606079180114943	0.04158131753912109	-0.06059015463365762	0.008088215429445147	0.060658058645658215	0.03541493550025856	-0.01953256533573325	0.016243769512539374	0.07727944252104511	0.03657822068073024	0.029549601784610684	0.006981235864558959	-0.0037671085736932907	-0.0	0.0	0.0	0.0
9N1	-0.18245931068043564	-0.24464881777440034	0.03380286698078327	0.17663879481666075	-0.09331830850123399	0.06273905674804424	0.10831529765432892	0.09517452563211068	0.029485290341404083	0.06307346852725663	-0.13078790572462595	0.005456736925889203	-0.035048174418228585	0.044104124567918374	-0.019994030378036907	-0.03818711390792235	1.4882789257919062e-05	0.02963573814143832	0.08254121256947962	-0.05155242981346263	-0.12932652604253614	-0.0632848433457877	0.07127434753728924	0.10145539291219077	0.03695575008882252	-0.02905269633257685	-0.012340511995607983	-0.043347341350145605	0.018526434179911566	0.0032032480331871216	0.015168851171140448	-0.0	0.0	0.0	0.0
9N3	-0.07240453692801035	-0.22805339531744714	-0.0324960202640861	0.08006920026951639	0.09851274742535783	0.06395219504376069	-0.037936415026567326	0.24350938778104614	-0.08971399593103341	0.013419210726098606	-0.17645522589582385	0.05355818775191311	0.13161206637287345	0.07197497572406172	0.15510939684900152	-0.008267675358403004	-0.06594870699362196	0.06319950375444064	-0.07482000800611842	0.11208533438104014	0.021548012338215287	0.03714858213425062	-0.05269469075316887	0.01126566040456727	-0.009358296017170555	0.013291605772944807	-0.0414246688591649	0.02276947663043954	-0.006992875714724674	-0.012825886811962967	-0.010779324195054292	-0.0	0.0	0.0	0.0

Biplot	0	0

Site constraints	0	0
