Eigvals	8
0.5585464279420399	0.2484768023994768	0.09571318717196681	0.036424829850295645	0.02459423742580291	0.014675483025101705	0.003231476629759925	0.0

Proportion explained	8
0.5689801327360958	0.2531183746568794	0.09750111936505237	0.037105249422992544	0.025053660313674963	0.014949622559317793	0.0032918409459870165	0.0

Species	0	0

Site	8	8
E7_T1_y2014_seqrunA	-0.2657469504189724	-0.09657969944706582	0.04715337367612435	0.08119939398441259	0.11080842346742449	-0.004421868315012877	0.004477762470856654	-0.0
F10_T1_y2014_seqrunA	0.24617756031272878	-0.011415337086396868	0.1023225148342064	0.022096336664928204	-0.020540366501971764	-0.07201237975760659	-0.029683381481401868	-0.0
F2_T1_y2014_seqrunA	-0.3235479048931614	-0.1383203865680892	-0.20172498910300368	0.0096317621467404	-0.05658548832474509	-0.02531741409951599	-0.005396356213520548	-0.0
F3_T1_y2014_seqrunA	0.3650450817285933	-0.06625825216582369	-0.019725635043360484	0.020181253377427284	-0.017206974730371923	-0.019935345427930032	0.04270597947880713	-0.0
F4_T1_y2014_seqrunA	0.29146276158881607	-0.06348039543086004	-0.0436840002304959	0.046563789829848476	-0.00896853170532567	0.08631025353196366	-0.019389792848143024	-0.0
E2_T1_y2014_seqrunA	0.02896429089883998	-0.10780074094660223	0.003908199511581885	-0.16289141588296485	0.04756131539997806	0.007171681892481066	-0.002920972385963298	-0.0
E5_T1_y2014_seqrunA	-0.32115666337350485	0.03847265767881514	0.1858177948711812	-0.008930678099061562	-0.07516322511733875	0.0304289239185677	0.0096209385688987	-0.0
E9_T1_y2014_seqrunA	-0.021198175843339297	0.44538215396602227	-0.07406725851623443	-0.007850442021330423	0.020094847512350928	-0.002223851742948104	0.0005858224104645369	-0.0

Biplot	0	0

Site constraints	0	0
