Eigvals	17
1.3471805320453785	0.7851514201665842	0.39345577414484895	0.29749849024338826	0.25614258199540263	0.24907108711897524	0.15492688152898887	0.09765685722131956	0.08981005972592865	0.07180114417490496	0.04982405254662963	0.021658141291543163	0.012126284000544586	0.0	0.0	0.0	0.0

Proportion explained	17
0.3520840937677091	0.20519842713290487	0.1028292173040364	0.07775089072551769	0.06694257132728125	0.06509444421593574	0.04048996358385166	0.02552250812500064	0.023471756559470758	0.018765147043747887	0.0130214592413097	0.005660330496127685	0.003169190477106596	0.0	0.0	0.0	0.0

Species	0	0

Site	17	17
b1_t1_y2017_seqrunB	-0.3951416824789135	0.36931501684134616	0.052105512608859275	0.13272012422826918	0.06071529464912204	-0.04086244041230867	0.0701421324917815	-0.07286693005177633	-0.003413534546672349	0.04446573142372741	-0.006564664586481654	-0.009972264221884294	-0.03744889482767872	0.0	0.0	0.0	0.0
b2_t1_y2017_seqrunB	-0.5365827160579866	-0.4022548383593689	-0.12951837089381313	-0.11111287213076207	0.005834497668507471	0.0018008613084537892	-0.07771916038564204	0.04950638699317492	0.05495465757279677	0.01580201328585742	0.0450686881649782	0.0043917220111893245	0.01978483107795122	0.0	0.0	0.0	0.0
b3_t1_y2017_seqrunB	-0.5245172828460538	-0.33548929177665143	-0.11575037805444831	0.11100753913574482	0.030079967697292622	-0.02776527903523071	0.022117812347354243	-0.05511762658863766	-0.03469831377551846	-0.019239229568407755	-0.01690969167778797	0.0018539841570419393	-0.03245013983490227	0.0	0.0	0.0	0.0
b4_t1_y2017_seqrunB	-0.513636453718638	0.541807608119718	0.04922734625886832	-0.14026451395419742	-0.07577286006166782	-0.001454467914709229	-0.03801183096910903	0.05963606355977265	0.008959918634549594	-0.0237009561459039	-0.0025661139249543723	0.0021550829868447795	0.02995082780676932	0.0	0.0	0.0	0.0
e11_t1_y2017_seqrunB	0.2517483848828906	0.06640765571006786	-0.014407059239508848	-0.16574344593808002	0.020539464604662754	-0.10619969929586436	-0.2299962355808094	-0.15676003890579818	-0.08634983727136743	-0.018213660129944468	0.0378052578832031	0.015156600439101633	-0.016188716794339874	0.0	0.0	0.0	0.0
e13_t1_y2017_seqrunB	0.1105609460536645	0.010363552770870898	0.1037909333895336	0.16821459012071355	-0.0569221373071108	0.3435053364058131	-0.15735757869775613	0.04018231542325775	0.0180526078326171	0.07441281450232508	0.030402484713739943	0.011725044647325317	-0.0036504994363115413	0.0	0.0	0.0	0.0
e14_t1_y2017_seqrunB	0.21671123705096068	0.016013266061814246	-0.020824081276939868	-0.0810287444110332	-0.12217501955563499	-0.04216572548492892	0.1111348754806996	0.09180181461349553	-0.00882438011876613	0.015143795605727784	0.12606366617584608	0.026598815769531815	-0.04569632588249994	0.0	0.0	0.0	0.0
e16_t1_y2017_seqrunB	0.21052740794281288	0.020190226113023835	-0.179371805879284	-0.0977657854856332	0.06874449806328846	0.03267185114119707	0.03582276068749382	-0.021197282988935716	0.003430650598619641	0.13757408025265516	-0.02789341144622704	-0.0943227731894148	0.0023144138972841562	0.0	0.0	0.0	0.0
e17_t1_y2017_seqrunB	0.21974836876334067	0.08681724482440156	-0.3145520976171548	-0.17517049011913965	0.0980228024824718	0.10295302118902011	0.056958358121362934	0.07459455812189782	-0.03034576314436678	-0.05146354982222477	-0.04831651717476595	0.032848971858404595	0.002434477225734278	0.0	0.0	0.0	0.0
e19_t1_y2017_seqrunB	0.16499089023792837	0.03743060728251274	-0.14272684653543635	0.07573027312093569	-0.1800758417945338	0.107780721780494	0.12332831864890975	-0.15251773452018105	0.09252055643497323	-0.04583416723707982	-0.02151668371982749	0.028805381578407206	0.007140208477629573	0.0	0.0	0.0	0.0
e23_t1_y2017_seqrunB	0.12666261551034805	0.0311949115466964	-0.11471354913880534	0.2882295068933397	-0.038359642407943366	-0.08130229720631522	0.008883553046481389	0.05869270939402548	-0.1617705734818093	-0.05789300794504361	0.038316791519443824	-0.030260685388113908	0.03440722394848831	0.0	0.0	0.0	0.0
e30_t1_y2017_seqrunB	0.20726051005212423	0.03620199172682186	-0.06632702637363258	0.14016540059102373	0.044175123123129455	-0.1179336358219565	-0.12825648531315456	0.03881305571069037	0.15347782275602878	-0.08499286377535907	-0.03776499322459046	-0.012474755473935575	0.002664731854661032	0.0	0.0	0.0	0.0
f15_t1_y2017_seqrunB	0.10636581030630068	-0.044802031433118304	0.08330859057330167	0.06836353307196522	0.1660487196503733	-0.10255891244072814	0.03951219500015917	0.00544093964100227	-0.030279992868268654	0.12033350572808191	-0.0490545758716237	0.08660010890300043	0.02894494862918333	0.0	0.0	0.0	0.0
f20_t1_y2017_seqrunB	0.018976500957936807	-0.09931367536625248	0.2658573082229686	-0.07776333976530601	0.2222016753055116	0.18095443280165632	0.0644838240448904	-0.0019027923681200593	-0.05095665946454282	-0.11691234489475974	-0.02159942980085204	-0.019540080380720706	-0.012216229611798284	0.0	0.0	0.0	0.0
f25_t1_y2017_seqrunB	0.025393384549842118	-0.20937380864374514	0.20006607721212497	-0.10900620178523221	-0.3064299561983133	-0.029275864210821914	0.020930617112801204	0.0001409066069834977	-0.06724368521675304	0.00714589818258972	-0.08996523737563131	-0.01167844533036536	0.013434291915493885	0.0	0.0	0.0	0.0
f28_t1_y2017_seqrunB	0.18806658075504076	-0.04014202284195895	0.15040526584646768	0.014565230743454522	-0.013862525494893991	-0.15141709262128178	-0.018233224053722064	0.10312624778595764	0.060522878013259965	0.008294168697401698	-0.05118737105089045	-0.010768883864415987	-0.038999934632955036	0.0	0.0	0.0	0.0
f31_t1_y2017_seqrunB	0.1228654980384018	-0.08436641257617786	0.19343018089689928	-0.04114080431606378	0.07723593957573822	-0.06873081018248833	0.0962600680182599	-0.06157259242681003	0.08196364804521945	-0.0049222281596431	0.0956818013964205	-0.021117824501997923	0.04557478618728874	0.0	0.0	0.0	0.0

Biplot	0	0

Site constraints	0	0
