Eigvals	8
0.3483926444711604	0.2758362771464634	0.2015940449825462	0.1615961944156644	0.13850588562798416	0.09487487378402165	0.02145341290549413	0.0

Proportion explained	8
0.280452171165699	0.22204510927438031	0.1622809450964479	0.1300831240130818	0.11149568442399085	0.07637320926275497	0.017269756763645186	0.0

Species	0	0

Site	8	8
E2_T2_y2014_seqrunA	0.20374617591175118	0.09793905250256228	-0.18762095209100862	0.04619437596123925	-0.17702650826555258	0.10750325900232574	0.06302913253845024	-0.0
E5_T2_y2014_seqrunA	0.13105909087257875	-0.13395871577084892	-0.16977162408049914	-0.18122076281831456	0.23778560076462257	0.016033446936151486	0.008668598367070167	-0.0
E7_T2_y2014_seqrunA	-0.27550931915340776	-0.09881471283736862	-0.06071480911522812	0.2589202632887386	0.09336755618252468	0.1017575953648922	-0.01881640045365505	-0.0
E9_T2_y2014_seqrunA	-0.3996188610777368	0.10819205627045969	-0.08837694776598862	-0.1798519780174746	-0.107136202986651	-0.06917064890596988	-0.006502405493476516	-0.0
F10_T2_y2014_seqrunA	0.07888664761633443	-0.017023676777227027	0.03338932482321292	0.14046591047535076	0.026343129133137414	-0.24342262963274247	0.0460607286604646	-0.0
F2_T2_y2014_seqrunA	0.21244844248137879	0.1654749371202361	-0.015476885778565194	0.028814295021090418	-0.03141151552736554	-0.02697988973616402	-0.11580001060776016	-0.0
F3_T2_y2014_seqrunA	0.05229398900862222	-0.3705324274197992	0.1924804587770399	-0.06790798953536135	-0.13900862437838854	0.030593774734396006	-0.012867451077935984	-0.0
F4_T2_y2014_seqrunA	-0.003306165659520889	0.248723486911985	0.296091435231038	-0.04541411437526891	0.09708656507767251	0.08368509223711333	0.03622780806683928	-0.0

Biplot	0	0

Site constraints	0	0
