Eigvals	8
0.46254340692123175	0.1034957772437117	0.09162492842054679	0.06394053280012367	0.04935964727700822	0.030315848710000207	0.018127485395647337	0.0

Proportion explained	8
0.5644851131609494	0.12630560646829386	0.11181849598094908	0.07803263078268394	0.06023820826721111	0.03699727427430157	0.02212267106561095	0.0

Species	0	0

Site	8	8
E2_T2_y2014_seqrunA	-0.24254859834610995	-0.0008293161412106141	0.019811177632016858	0.0007463323105904134	0.0657276592490732	-0.09381967866414295	0.0814136208783626	-0.0
E5_T2_y2014_seqrunA	-0.18572684031354855	0.021026790158023365	0.02837094626146543	-0.014667385335886995	-0.15410374661235354	-0.06815857792800109	-0.052082998883923995	-0.0
E7_T2_y2014_seqrunA	0.3418500363976844	0.07828866150738502	0.05079776337386534	-0.18370939615356607	0.017561364277843945	-0.001848130259972658	0.0037725562521357323	-0.0
E9_T2_y2014_seqrunA	0.36224007868192154	0.013529672955382023	0.11108840739365004	0.1638588458027281	0.021326827253466647	-0.022312713659947175	-0.01298620631895663	-0.0
F10_T2_y2014_seqrunA	-0.010562805978702483	0.1842363979155652	-0.20962465554808538	0.04947145766747667	0.01157024932550908	0.027929239301262367	-0.0029587471780507524	-0.0
F2_T2_y2014_seqrunA	-0.065080444455679	-0.17213042886042793	-0.07588303318100233	-0.02508056887171137	0.1051464339748741	-0.011420480669775029	-0.07106458533999226	-0.0
F3_T2_y2014_seqrunA	-0.32003851037087055	0.050779162449920597	0.1448649396290406	0.0030288743664706797	0.02587856430016737	0.10793611224816559	-0.005388108274381775	-0.0
F4_T2_y2014_seqrunA	0.11986708438530452	-0.1749009399846377	-0.06942554556095011	0.006351840213898529	-0.09310735176858076	0.06169422963241101	0.059294468864807166	-0.0

Biplot	0	0

Site constraints	0	0
